0.587745347526
0.763006887838
0.269027685514
0.476022651652
0.862591167774
0.171286054286
0.695758347400
0.636081830350
0.333646859902
0.610754187743
0.621803504209
0.490244555613
0.470329527050
0.732388056781
0.492339182139
0.440050269179
0.829034627142
0.345046877388
0.525731112119
0.850650808352
0.000000000000
0.000000000000
0.525731112119
-0.850650808352
-0.525731112119
0.850650808352
0.000000000000
0.000000000000
0.525731112119
0.850650808352
0.850650808352
-0.000000000000
0.525731112119
-0.850650808352
-0.000000000000
0.525731112119
-0.000000000000
-0.525731112119
0.850650808352
-0.850650808352
-0.000000000000
-0.525731112119
-0.525731112119
-0.850650808352
0.000000000000
0.850650808352
-0.000000000000
-0.525731112119
0.525731112119
-0.850650808352
0.000000000000
0.000000000000
-0.525731112119
-0.850650808352
1.000000000000
0.000000000000
0.000000000000
-0.500000000000
-0.309016994375
-0.809016994375
-1.000000000000
0.000000000000
0.000000000000
0.500000000000
-0.309016994375
0.809016994375
0.500000000000
0.309016994375
-0.809016994375
-0.500000000000
0.309016994375
-0.809016994375
-0.500000000000
-0.309016994375
0.809016994375
0.809016994375
-0.500000000000
-0.309016994375
-0.309016994375
-0.809016994375
0.500000000000
-0.309016994375
0.809016994375
-0.500000000000
-0.809016994375
0.500000000000
0.309016994375
0.000000000000
-1.000000000000
0.000000000000
0.809016994375
0.500000000000
-0.309016994375
-0.000000000000
1.000000000000
0.000000000000
-0.809016994375
-0.500000000000
0.309016994375
0.809016994375
0.500000000000
0.309016994375
0.309016994375
0.809016994375
-0.500000000000
-0.309016994375
-0.809016994375
-0.500000000000
0.000000000000
-0.000000000000
1.000000000000
0.309016994375
0.809016994375
0.500000000000
0.000000000000
0.000000000000
-1.000000000000
0.309016994375
-0.809016994375
0.500000000000
-0.309016994375
0.809016994375
0.500000000000
0.309016994375
-0.809016994375
-0.500000000000
-0.809016994375
0.500000000000
-0.309016994375
-0.809016994375
-0.500000000000
-0.309016994375
0.809016994375
-0.500000000000
0.309016994375
0.500000000000
0.309016994375
0.809016994375
0.500000000000
-0.309016994375
-0.809016994375
-0.500000000000
0.309016994375
0.809016994375
0.159557390942
0.301148395579
-0.940133545214
0.167117333031
0.465108797716
-0.869336300455
0.118606901472
0.132776427291
-0.984023792029
0.283386932982
0.069193900862
-0.956506168458
0.389466357845
0.201004976529
-0.898839783008
0.315309441786
0.362196652033
-0.877150808685
-0.587745347526
0.763006887838
-0.269027685514
-0.476022651652
0.862591167774
-0.171286054286
-0.695758347400
0.636081830350
-0.333646859902
-0.610754187743
0.621803504209
-0.490244555613
-0.470329527050
0.732388056781
-0.492339182139
-0.440050269179
0.829034627142
-0.345046877388
-0.159557390942
0.301148395579
0.940133545214
-0.167117333031
0.465108797716
0.869336300455
-0.118606901472
0.132776427291
0.984023792029
-0.283386932982
0.069193900862
0.956506168458
-0.389466357845
0.201004976529
0.898839783008
-0.315309441786
0.362196652033
0.877150808685
0.747302738468
0.664394997080
-0.010858403813
0.643139984683
0.759306975851
0.099115470667
0.814365248871
0.562778733940
-0.141736862020
0.894141120725
0.446660747658
-0.031714866081
0.859795884895
0.491684610158
0.137830622329
0.755359710965
0.634162675144
0.165134516395
-0.312006799392
0.933422682594
-0.177126657375
-0.365993327049
0.930593030138
-0.006745132681
-0.274513289311
0.896425593842
-0.347941961679
-0.100908766943
0.936905303272
-0.334702664249
-0.063174354200
0.984023792298
-0.166451726227
-0.197062135639
0.979209552533
-0.048116181543
-0.275738548134
0.570176081093
0.773865291651
-0.110029324603
0.636394852002
0.763475697107
-0.421245058089
0.466423287193
0.777818692370
-0.509845420800
0.559438456475
0.653518370289
-0.407155172850
0.693344158668
0.594557434452
-0.242988133541
0.707243529421
0.663900110747
0.773865291651
-0.275738548134
0.570176081093
0.763475697107
-0.110029324603
0.636394852002
0.777818692370
-0.421245058089
0.466423287193
0.653518370289
-0.509845420800
0.559438456475
0.594557434452
-0.407155172850
0.693344158668
0.663900110747
-0.242988133541
0.707243529421
-0.933422682594
-0.177126657375
0.312006799392
-0.930593030138
-0.006745132681
0.365993327049
-0.896425593842
-0.347941961679
0.274513289311
-0.936905303272
-0.334702664249
0.100908766943
-0.984023792298
-0.166451726227
0.063174354200
-0.979209552533
-0.048116181543
0.197062135639
0.570176081093
0.773865291651
-0.275738548134
0.636394852002
0.763475697107
-0.110029324603
0.466423287193
0.777818692370
-0.421245058089
0.559438456475
0.653518370289
-0.509845420800
0.693344158668
0.594557434452
-0.407155172850
0.707243529421
0.663900110747
-0.242988133541
-0.010858403813
0.747302738468
0.664394997080
0.099115470667
0.643139984683
0.759306975851
-0.141736862020
0.814365248871
0.562778733940
-0.031714866081
0.894141120725
0.446660747658
0.137830622329
0.859795884895
0.491684610158
0.165134516395
0.755359710965
0.634162675144
-0.269027685514
-0.587745347526
0.763006887838
-0.171286054286
-0.476022651652
0.862591167774
-0.333646859902
-0.695758347400
0.636081830350
-0.490244555613
-0.610754187743
0.621803504209
-0.492339182139
-0.470329527050
0.732388056781
-0.345046877388
-0.440050269179
0.829034627142
0.940133545214
-0.159557390942
0.301148395579
0.869336300455
-0.167117333031
0.465108797716
0.984023792029
-0.118606901472
0.132776427291
0.956506168458
-0.283386932982
0.069193900862
0.898839783008
-0.389466357845
0.201004976529
0.877150808685
-0.315309441786
0.362196652033
0.269027685514
0.587745347526
0.763006887838
0.171286054286
0.476022651652
0.862591167774
0.333646859902
0.695758347400
0.636081830350
0.490244555613
0.610754187743
0.621803504209
0.492339182139
0.470329527050
0.732388056781
0.345046877388
0.440050269179
0.829034627142
-0.177126657375
-0.312006799392
0.933422682594
-0.006745132681
-0.365993327049
0.930593030138
-0.347941961679
-0.274513289311
0.896425593842
-0.334702664249
-0.100908766943
0.936905303272
-0.166451726227
-0.063174354200
0.984023792298
-0.048116181543
-0.197062135639
0.979209552533
0.177126657375
0.312006799392
0.933422682594
0.006745132681
0.365993327049
0.930593030138
0.347941961679
0.274513289311
0.896425593842
0.334702664249
0.100908766943
0.936905303272
0.166451726227
0.063174354200
0.984023792298
0.048116181543
0.197062135639
0.979209552533
-0.301148395579
0.940133545214
0.159557390942
-0.465108797716
0.869336300455
0.167117333031
-0.132776427291
0.984023792029
0.118606901472
-0.069193900862
0.956506168458
0.283386932982
-0.201004976529
0.898839783008
0.389466357845
-0.362196652033
0.877150808685
0.315309441786
-0.664394997080
-0.010858403813
-0.747302738468
-0.759306975851
0.099115470667
-0.643139984683
-0.562778733940
-0.141736862020
-0.814365248871
-0.446660747658
-0.031714866081
-0.894141120725
-0.491684610158
0.137830622329
-0.859795884895
-0.634162675144
0.165134516395
-0.755359710965
-0.763006887838
-0.269027685514
0.587745347526
-0.862591167774
-0.171286054286
0.476022651652
-0.636081830350
-0.333646859902
0.695758347400
-0.621803504209
-0.490244555613
0.610754187743
-0.732388056781
-0.492339182139
0.470329527050
-0.829034627142
-0.345046877388
0.440050269179
-0.570176081093
0.773865291651
0.275738548134
-0.636394852002
0.763475697107
0.110029324603
-0.466423287193
0.777818692370
0.421245058089
-0.559438456475
0.653518370289
0.509845420800
-0.693344158668
0.594557434452
0.407155172850
-0.707243529421
0.663900110747
0.242988133541
-0.763006887838
0.269027685514
-0.587745347526
-0.862591167774
0.171286054286
-0.476022651652
-0.636081830350
0.333646859902
-0.695758347400
-0.621803504209
0.490244555613
-0.610754187743
-0.732388056781
0.492339182139
-0.470329527050
-0.829034627142
0.345046877388
-0.440050269179
-0.301148395579
-0.940133545214
-0.159557390942
-0.465108797716
-0.869336300455
-0.167117333031
-0.132776427291
-0.984023792029
-0.118606901472
-0.069193900862
-0.956506168458
-0.283386932982
-0.201004976529
-0.898839783008
-0.389466357845
-0.362196652033
-0.877150808685
-0.315309441786
0.664394997080
-0.010858403813
0.747302738468
0.759306975851
0.099115470667
0.643139984683
0.562778733940
-0.141736862020
0.814365248871
0.446660747658
-0.031714866081
0.894141120725
0.491684610158
0.137830622329
0.859795884895
0.634162675144
0.165134516395
0.755359710965
0.763006887838
-0.269027685514
-0.587745347526
0.862591167774
-0.171286054286
-0.476022651652
0.636081830350
-0.333646859902
-0.695758347400
0.621803504209
-0.490244555613
-0.610754187743
0.732388056781
-0.492339182139
-0.470329527050
0.829034627142
-0.345046877388
-0.440050269179
0.301148395579
0.940133545214
-0.159557390942
0.465108797716
0.869336300455
-0.167117333031
0.132776427291
0.984023792029
-0.118606901472
0.069193900862
0.956506168458
-0.283386932982
0.201004976529
0.898839783008
-0.389466357845
0.362196652033
0.877150808685
-0.315309441786
0.763006887838
0.269027685514
0.587745347526
0.862591167774
0.171286054286
0.476022651652
0.636081830350
0.333646859902
0.695758347400
0.621803504209
0.490244555613
0.610754187743
0.732388056781
0.492339182139
0.470329527050
0.829034627142
0.345046877388
0.440050269179
0.933422682594
-0.177126657375
-0.312006799392
0.930593030138
-0.006745132681
-0.365993327049
0.896425593842
-0.347941961679
-0.274513289311
0.936905303272
-0.334702664249
-0.100908766943
0.984023792298
-0.166451726227
-0.063174354200
0.979209552533
-0.048116181543
-0.197062135639
-0.177126657375
0.312006799392
-0.933422682594
-0.006745132681
0.365993327049
-0.930593030138
-0.347941961679
0.274513289311
-0.896425593842
-0.334702664249
0.100908766943
-0.936905303272
-0.166451726227
0.063174354200
-0.984023792298
-0.048116181543
0.197062135639
-0.979209552533
0.301148395579
-0.940133545214
0.159557390942
0.465108797716
-0.869336300455
0.167117333031
0.132776427291
-0.984023792029
0.118606901472
0.069193900862
-0.956506168458
0.283386932982
0.201004976529
-0.898839783008
0.389466357845
0.362196652033
-0.877150808685
0.315309441786
-0.940133545214
0.159557390942
0.301148395579
-0.869336300455
0.167117333031
0.465108797716
-0.984023792029
0.118606901472
0.132776427291
-0.956506168458
0.283386932982
0.069193900862
-0.898839783008
0.389466357845
0.201004976529
-0.877150808685
0.315309441786
0.362196652033
0.010858403813
-0.747302738468
0.664394997080
-0.099115470667
-0.643139984683
0.759306975851
0.141736862020
-0.814365248871
0.562778733940
0.031714866081
-0.894141120725
0.446660747658
-0.137830622329
-0.859795884895
0.491684610158
-0.165134516395
-0.755359710965
0.634162675144
-0.773865291651
0.275738548134
0.570176081093
-0.763475697107
0.110029324603
0.636394852002
-0.777818692370
0.421245058089
0.466423287193
-0.653518370289
0.509845420800
0.559438456475
-0.594557434452
0.407155172850
0.693344158668
-0.663900110747
0.242988133541
0.707243529421
-0.570176081093
-0.773865291651
-0.275738548134
-0.636394852002
-0.763475697107
-0.110029324603
-0.466423287193
-0.777818692370
-0.421245058089
-0.559438456475
-0.653518370289
-0.509845420800
-0.693344158668
-0.594557434452
-0.407155172850
-0.707243529421
-0.663900110747
-0.242988133541
0.275738548134
-0.570176081093
0.773865291651
0.110029324603
-0.636394852002
0.763475697107
0.421245058089
-0.466423287193
0.777818692370
0.509845420800
-0.559438456475
0.653518370289
0.407155172850
-0.693344158668
0.594557434452
0.242988133541
-0.707243529421
0.663900110747
-0.664394997080
0.010858403813
0.747302738468
-0.759306975851
-0.099115470667
0.643139984683
-0.562778733940
0.141736862020
0.814365248871
-0.446660747658
0.031714866081
0.894141120725
-0.491684610158
-0.137830622329
0.859795884895
-0.634162675144
-0.165134516395
0.755359710965
0.312006799392
-0.933422682594
-0.177126657375
0.365993327049
-0.930593030138
-0.006745132681
0.274513289311
-0.896425593842
-0.347941961679
0.100908766943
-0.936905303272
-0.334702664249
0.063174354200
-0.984023792298
-0.166451726227
0.197062135639
-0.979209552533
-0.048116181543
0.933422682594
0.177126657375
0.312006799392
0.930593030138
0.006745132681
0.365993327049
0.896425593842
0.347941961679
0.274513289311
0.936905303272
0.334702664249
0.100908766943
0.984023792298
0.166451726227
0.063174354200
0.979209552533
0.048116181543
0.197062135639
0.159557390942
-0.301148395579
0.940133545214
0.167117333031
-0.465108797716
0.869336300455
0.118606901472
-0.132776427291
0.984023792029
0.283386932982
-0.069193900862
0.956506168458
0.389466357845
-0.201004976529
0.898839783008
0.315309441786
-0.362196652033
0.877150808685
0.664394997080
0.010858403813
-0.747302738468
0.759306975851
-0.099115470667
-0.643139984683
0.562778733940
0.141736862020
-0.814365248871
0.446660747658
0.031714866081
-0.894141120725
0.491684610158
-0.137830622329
-0.859795884895
0.634162675144
-0.165134516395
-0.755359710965
-0.747302738468
-0.664394997080
-0.010858403813
-0.643139984683
-0.759306975851
0.099115470667
-0.814365248871
-0.562778733940
-0.141736862020
-0.894141120725
-0.446660747658
-0.031714866081
-0.859795884895
-0.491684610158
0.137830622329
-0.755359710965
-0.634162675144
0.165134516395
0.570176081093
-0.773865291651
0.275738548134
0.636394852002
-0.763475697107
0.110029324603
0.466423287193
-0.777818692370
0.421245058089
0.559438456475
-0.653518370289
0.509845420800
0.693344158668
-0.594557434452
0.407155172850
0.707243529421
-0.663900110747
0.242988133541
-0.275738548134
-0.570176081093
-0.773865291651
-0.110029324603
-0.636394852002
-0.763475697107
-0.421245058089
-0.466423287193
-0.777818692370
-0.509845420800
-0.559438456475
-0.653518370289
-0.407155172850
-0.693344158668
-0.594557434452
-0.242988133541
-0.707243529421
-0.663900110747
0.275738548134
0.570176081093
-0.773865291651
0.110029324603
0.636394852002
-0.763475697107
0.421245058089
0.466423287193
-0.777818692370
0.509845420800
0.559438456475
-0.653518370289
0.407155172850
0.693344158668
-0.594557434452
0.242988133541
0.707243529421
-0.663900110747
-0.773865291651
-0.275738548134
-0.570176081093
-0.763475697107
-0.110029324603
-0.636394852002
-0.777818692370
-0.421245058089
-0.466423287193
-0.653518370289
-0.509845420800
-0.559438456475
-0.594557434452
-0.407155172850
-0.693344158668
-0.663900110747
-0.242988133541
-0.707243529421
-0.747302738468
0.664394997080
0.010858403813
-0.643139984683
0.759306975851
-0.099115470667
-0.814365248871
0.562778733940
0.141736862020
-0.894141120725
0.446660747658
0.031714866081
-0.859795884895
0.491684610158
-0.137830622329
-0.755359710965
0.634162675144
-0.165134516395
0.010858403813
0.747302738468
-0.664394997080
-0.099115470667
0.643139984683
-0.759306975851
0.141736862020
0.814365248871
-0.562778733940
0.031714866081
0.894141120725
-0.446660747658
-0.137830622329
0.859795884895
-0.491684610158
-0.165134516395
0.755359710965
-0.634162675144
0.269027685514
-0.587745347526
-0.763006887838
0.171286054286
-0.476022651652
-0.862591167774
0.333646859902
-0.695758347400
-0.636081830350
0.490244555613
-0.610754187743
-0.621803504209
0.492339182139
-0.470329527050
-0.732388056781
0.345046877388
-0.440050269179
-0.829034627142
-0.940133545214
-0.159557390942
-0.301148395579
-0.869336300455
-0.167117333031
-0.465108797716
-0.984023792029
-0.118606901472
-0.132776427291
-0.956506168458
-0.283386932982
-0.069193900862
-0.898839783008
-0.389466357845
-0.201004976529
-0.877150808685
-0.315309441786
-0.362196652033
-0.269027685514
0.587745347526
-0.763006887838
-0.171286054286
0.476022651652
-0.862591167774
-0.333646859902
0.695758347400
-0.636081830350
-0.490244555613
0.610754187743
-0.621803504209
-0.492339182139
0.470329527050
-0.732388056781
-0.345046877388
0.440050269179
-0.829034627142
0.940133545214
0.159557390942
-0.301148395579
0.869336300455
0.167117333031
-0.465108797716
0.984023792029
0.118606901472
-0.132776427291
0.956506168458
0.283386932982
-0.069193900862
0.898839783008
0.389466357845
-0.201004976529
0.877150808685
0.315309441786
-0.362196652033
-0.010858403813
-0.747302738468
-0.664394997080
0.099115470667
-0.643139984683
-0.759306975851
-0.141736862020
-0.814365248871
-0.562778733940
-0.031714866081
-0.894141120725
-0.446660747658
0.137830622329
-0.859795884895
-0.491684610158
0.165134516395
-0.755359710965
-0.634162675144
0.773865291651
0.275738548134
-0.570176081093
0.763475697107
0.110029324603
-0.636394852002
0.777818692370
0.421245058089
-0.466423287193
0.653518370289
0.509845420800
-0.559438456475
0.594557434452
0.407155172850
-0.693344158668
0.663900110747
0.242988133541
-0.707243529421
-0.933422682594
0.177126657375
-0.312006799392
-0.930593030138
0.006745132681
-0.365993327049
-0.896425593842
0.347941961679
-0.274513289311
-0.936905303272
0.334702664249
-0.100908766943
-0.984023792298
0.166451726227
-0.063174354200
-0.979209552533
0.048116181543
-0.197062135639
0.177126657375
-0.312006799392
-0.933422682594
0.006745132681
-0.365993327049
-0.930593030138
0.347941961679
-0.274513289311
-0.896425593842
0.334702664249
-0.100908766943
-0.936905303272
0.166451726227
-0.063174354200
-0.984023792298
0.048116181543
-0.197062135639
-0.979209552533
0.587745347526
-0.763006887838
-0.269027685514
0.476022651652
-0.862591167774
-0.171286054286
0.695758347400
-0.636081830350
-0.333646859902
0.610754187743
-0.621803504209
-0.490244555613
0.470329527050
-0.732388056781
-0.492339182139
0.440050269179
-0.829034627142
-0.345046877388
-0.587745347526
-0.763006887838
0.269027685514
-0.476022651652
-0.862591167774
0.171286054286
-0.695758347400
-0.636081830350
0.333646859902
-0.610754187743
-0.621803504209
0.490244555613
-0.470329527050
-0.732388056781
0.492339182139
-0.440050269179
-0.829034627142
0.345046877388
-0.312006799392
-0.933422682594
0.177126657375
-0.365993327049
-0.930593030138
0.006745132681
-0.274513289311
-0.896425593842
0.347941961679
-0.100908766943
-0.936905303272
0.334702664249
-0.063174354200
-0.984023792298
0.166451726227
-0.197062135639
-0.979209552533
0.048116181543
0.312006799392
0.933422682594
0.177126657375
0.365993327049
0.930593030138
0.006745132681
0.274513289311
0.896425593842
0.347941961679
0.100908766943
0.936905303272
0.334702664249
0.063174354200
0.984023792298
0.166451726227
0.197062135639
0.979209552533
0.048116181543
-0.159557390942
-0.301148395579
-0.940133545214
-0.167117333031
-0.465108797716
-0.869336300455
-0.118606901472
-0.132776427291
-0.984023792029
-0.283386932982
-0.069193900862
-0.956506168458
-0.389466357845
-0.201004976529
-0.898839783008
-0.315309441786
-0.362196652033
-0.877150808685
0.747302738468
-0.664394997080
0.010858403813
0.643139984683
-0.759306975851
-0.099115470667
0.814365248871
-0.562778733940
0.141736862020
0.894141120725
-0.446660747658
0.031714866081
0.859795884895
-0.491684610158
-0.137830622329
0.755359710965
-0.634162675144
-0.165134516395
