0.455761054531
0.808943253919
0.371339027188
0.501119251712
0.810716343513
0.302685490111
0.528751552250
0.765852805702
0.365911568540
0.570244935454
0.766740346178
0.294838862994
0.599081826994
0.717932553061
0.354505026510
0.635782822537
0.718961941032
0.280845028288
0.555025944394
0.715024478090
0.425071990116
0.620217519312
0.665879001417
0.414650918497
0.574979805904
0.660256536021
0.483176499268
0.638143935131
0.608861499610
0.471232418610
0.481831617135
0.761581608184
0.433395600814
0.506559872667
0.708551401725
0.491275896535
0.524761687845
0.651566051479
0.547801836005
0.464050258925
0.852117882534
0.241976179524
0.535273125149
0.813367635184
0.227850327031
0.602830569253
0.767150165679
0.219262235858
0.666393195223
0.717227982090
0.203725626930
0.419874910475
0.852480865881
0.311418420875
0.563507867510
0.812276892681
0.150549436635
0.629533209652
0.763984688072
0.141475560915
0.697099301554
0.667512741408
0.261685505580
0.406595292683
0.802311218197
0.437009127047
0.431282888439
0.752515143802
0.497710787997
0.681543256283
0.613132874722
0.399458217778
0.697323258181
0.554127852120
0.454623577374
0.738833455659
0.558341191967
0.377333059976
0.590464745657
0.601228598327
0.538400925602
0.662420437723
0.667278575318
0.340497381206
0.499473133630
0.857256640928
0.125050551249
0.548985276830
0.833394328336
0.063789178713
0.753697504533
0.611824335589
0.240023028150
0.775951985413
0.556586700333
0.296832884544
0.721652059424
0.614184964808
0.319366770551
0.353838881479
0.790975682809
0.499154800797
0.322516269350
0.327941415087
-0.887940135525
0.244843207357
0.349686189477
-0.904307122995
0.268314433414
0.273238935286
-0.923768287540
0.190342980280
0.296671162823
-0.935818236095
0.209113037252
0.218440657424
-0.953181733373
0.131488447490
0.244762217564
-0.960625965207
0.287332206763
0.194418509974
-0.937892129158
0.231118807776
0.139724215418
-0.962840194590
0.307438586516
0.114891977207
-0.944606451965
0.250311617990
0.059765770287
-0.966318863834
0.345050257311
0.250540505095
-0.904527376720
0.363125037411
0.171056567794
-0.915903847475
0.382145133820
0.091066811061
-0.919604226078
0.227056618920
0.424990342167
-0.876258238688
0.168042646114
0.378694583720
-0.910138495696
0.113034028839
0.324721512715
-0.939031015198
0.053256532071
0.272459990627
-0.960692091827
0.305436414549
0.404213814591
-0.862159955438
0.091050482952
0.407737584475
-0.908548222034
0.035773780299
0.352802355330
-0.935013761779
0.069431151476
0.193770868024
-0.978586820834
0.398177965337
0.304933991504
-0.865141357667
0.419555009513
0.226668403951
-0.878973849806
0.171865336683
0.085697357978
-0.981385891932
0.190371494410
0.005502323384
-0.981696703954
0.108389047208
0.034728889161
-0.993501745697
0.326132980158
0.034740049763
-0.944685348778
0.150458368830
0.164891844134
-0.974768156531
0.116338324889
0.476664228901
-0.871353319296
0.034646901693
0.472689805081
-0.880547523065
0.006398073817
0.142059433470
-0.989837452319
0.024161604625
0.062089306829
-0.997778098998
0.087340706917
0.114199938556
-0.989611022043
0.471330204054
0.280993141483
-0.835996826062
-0.455761054531
0.808943253919
-0.371339027188
-0.501119251712
0.810716343513
-0.302685490111
-0.528751552250
0.765852805702
-0.365911568540
-0.570244935454
0.766740346178
-0.294838862994
-0.599081826994
0.717932553061
-0.354505026510
-0.635782822537
0.718961941032
-0.280845028288
-0.555025944394
0.715024478090
-0.425071990116
-0.620217519312
0.665879001417
-0.414650918497
-0.574979805904
0.660256536021
-0.483176499268
-0.638143935131
0.608861499610
-0.471232418610
-0.481831617135
0.761581608184
-0.433395600814
-0.506559872667
0.708551401725
-0.491275896535
-0.524761687845
0.651566051479
-0.547801836005
-0.464050258925
0.852117882534
-0.241976179524
-0.535273125149
0.813367635184
-0.227850327031
-0.602830569253
0.767150165679
-0.219262235858
-0.666393195223
0.717227982090
-0.203725626930
-0.419874910475
0.852480865881
-0.311418420875
-0.563507867510
0.812276892681
-0.150549436635
-0.629533209652
0.763984688072
-0.141475560915
-0.697099301554
0.667512741408
-0.261685505580
-0.406595292683
0.802311218197
-0.437009127047
-0.431282888439
0.752515143802
-0.497710787997
-0.681543256283
0.613132874722
-0.399458217778
-0.697323258181
0.554127852120
-0.454623577374
-0.738833455659
0.558341191967
-0.377333059976
-0.590464745657
0.601228598327
-0.538400925602
-0.662420437723
0.667278575318
-0.340497381206
-0.499473133630
0.857256640928
-0.125050551249
-0.548985276830
0.833394328336
-0.063789178713
-0.753697504533
0.611824335589
-0.240023028150
-0.775951985413
0.556586700333
-0.296832884544
-0.721652059424
0.614184964808
-0.319366770551
-0.353838881479
0.790975682809
-0.499154800797
-0.322516269350
0.327941415087
0.887940135525
-0.244843207357
0.349686189477
0.904307122995
-0.268314433414
0.273238935286
0.923768287540
-0.190342980280
0.296671162823
0.935818236095
-0.209113037252
0.218440657424
0.953181733373
-0.131488447490
0.244762217564
0.960625965207
-0.287332206763
0.194418509974
0.937892129158
-0.231118807776
0.139724215418
0.962840194590
-0.307438586516
0.114891977207
0.944606451965
-0.250311617990
0.059765770287
0.966318863834
-0.345050257311
0.250540505095
0.904527376720
-0.363125037411
0.171056567794
0.915903847475
-0.382145133820
0.091066811061
0.919604226078
-0.227056618920
0.424990342167
0.876258238688
-0.168042646114
0.378694583720
0.910138495696
-0.113034028839
0.324721512715
0.939031015198
-0.053256532071
0.272459990627
0.960692091827
-0.305436414549
0.404213814591
0.862159955438
-0.091050482952
0.407737584475
0.908548222034
-0.035773780299
0.352802355330
0.935013761779
-0.069431151476
0.193770868024
0.978586820834
-0.398177965337
0.304933991504
0.865141357667
-0.419555009513
0.226668403951
0.878973849806
-0.171865336683
0.085697357978
0.981385891932
-0.190371494410
0.005502323384
0.981696703954
-0.108389047208
0.034728889161
0.993501745697
-0.326132980158
0.034740049763
0.944685348778
-0.150458368830
0.164891844134
0.974768156531
-0.116338324889
0.476664228901
0.871353319296
-0.034646901693
0.472689805081
0.880547523065
-0.006398073817
0.142059433470
0.989837452319
-0.024161604625
0.062089306829
0.997778098998
-0.087340706917
0.114199938556
0.989611022043
-0.471330204054
0.280993141483
0.835996826062
0.778277323881
0.609617237535
0.150503258545
0.745962459070
0.659394919452
0.093479141308
0.797065985664
0.600025366180
0.068230304396
0.760587915733
0.649101914846
0.013142548618
0.808194864246
0.588693588549
-0.016153024746
0.767271270027
0.637697611355
-0.068092251121
0.842358151158
0.537443408248
0.039841286490
0.851336327089
0.523039722772
-0.040692832076
0.882418392420
0.470249040101
0.014269583168
0.888455553121
0.454160411913
-0.066219712923
0.826881874446
0.548328821339
0.124907443342
0.869684910079
0.484127786439
0.096272756163
0.906906821665
0.415387370143
0.070521979152
0.691106877845
0.711789174671
0.125409147260
0.703315771263
0.709511568326
0.044048385941
0.715864598092
0.697291293971
-0.036369335311
0.719649727294
0.684313635147
-0.117554747915
0.725311325024
0.663710780288
0.182788079266
0.654558350463
0.756004599524
-0.003226660526
0.665306989951
0.741875275941
-0.083592368484
0.766530453030
0.624601929918
-0.149343542614
0.804773258020
0.556223702048
0.207256354440
0.850837897952
0.493215887773
0.181143477545
0.853408592966
0.506914255164
-0.121374261537
0.887694752591
0.436471798086
-0.146596028930
0.847222502867
0.491353076784
-0.201955897585
0.916597725815
0.399667331738
-0.010706678854
0.812878806553
0.574290189489
-0.097050626547
0.615811458519
0.785355601952
0.063188812615
0.583632178523
0.811981365485
-0.007729314169
0.760095578350
0.607870108507
-0.229670727251
0.800113590038
0.541654007452
-0.257738587038
0.808992766342
0.560205439332
-0.178046538157
0.825169085534
0.499677596779
0.263473489287
-0.177438156542
0.980956264723
-0.078996881606
-0.256207048169
0.962080409563
-0.093590779482
-0.205008630889
0.965936934720
-0.157915481838
-0.283528614204
0.943940777840
-0.169077889916
-0.234593682170
0.943198615059
-0.235249180312
-0.312854468685
0.918542639644
-0.241664024175
-0.154577223485
0.962515398364
-0.222867651067
-0.180417047494
0.937690641269
-0.296961193173
-0.100622394040
0.953425539368
-0.284349915945
-0.125985483210
0.925392830522
-0.357457364224
-0.125633061753
0.981724422153
-0.142945768536
-0.074783811631
0.975403682974
-0.207352445750
-0.020544831909
0.963189206148
-0.268038174599
-0.299581194907
0.953765354195
-0.024140356154
-0.334646197779
0.937361895357
-0.096770860512
-0.361090848025
0.916553529828
-0.171880849520
-0.390014738543
0.888039262076
-0.243464109737
-0.221425735325
0.975129201163
-0.009679089557
-0.410964245000
0.906554036159
-0.096271329353
-0.436394723814
0.883350836856
-0.171029073707
-0.343114410638
0.886287435498
-0.311074079426
-0.097677637064
0.993232829095
-0.062830139469
-0.045524926406
0.990926675769
-0.126458706004
-0.207071619515
0.906372472942
-0.368253017210
-0.152098352314
0.891095375459
-0.427568851834
-0.236684786747
0.868686136761
-0.435160553730
-0.045446728617
0.938068257339
-0.343456750451
-0.261942470681
0.914787570695
-0.307489581213
-0.413475416286
0.910406153201
-0.014096678368
-0.480419119250
0.875770544198
-0.047153194728
-0.371730160721
0.847893136657
-0.378013116730
-0.319827893867
0.838486891996
-0.441191398665
-0.292246476713
0.879572209883
-0.375426057235
-0.017519652196
0.998832397576
-0.045021143253
-0.278322897989
0.699280442275
0.658439995373
-0.244912203543
0.652371679588
0.717237202205
-0.323742921360
0.639150503826
0.697622501306
-0.286716321249
0.591510025817
0.753597797560
-0.364488144824
0.572945683934
0.734085577807
-0.322928353852
0.525607245852
0.787054192153
-0.400448720910
0.619490500090
0.675183191600
-0.439800471818
0.554375133916
0.706571833492
-0.474357411865
0.598068476475
0.645986952853
-0.512158451921
0.530998188897
0.675081212532
-0.356198555381
0.683936105910
0.636674164842
-0.431776061036
0.662332464329
0.612278645563
-0.504216855936
0.638868647066
0.581044072327
-0.164469064018
0.666966521691
0.726708735275
-0.200626927370
0.606544910751
0.769319249243
-0.241739721228
0.543983748572
0.803519500989
-0.276378456680
0.476185617557
0.834782730005
-0.198449175150
0.715632235466
0.669692786615
-0.152543622510
0.558287021109
0.815503553206
-0.193138485838
0.494277916244
0.847577056557
-0.353984890916
0.455456373604
0.816856284022
-0.308917655619
0.741943118551
0.595054863757
-0.385757962033
0.724379191948
0.571371666256
-0.474471636768
0.485155575756
0.734507136259
-0.545224905868
0.460125900757
0.700723881050
-0.502148668913
0.412061949138
0.760297089553
-0.545018017040
0.573140975365
0.611935277182
-0.400477967042
0.505389225340
0.764329201865
-0.085997717344
0.601714780150
0.794067828312
-0.068566157579
0.536478983794
0.841123642506
-0.381967343812
0.382082461620
0.841495062840
-0.456124091546
0.358922191373
0.814325287371
-0.429405582711
0.433566709107
0.792231502965
-0.336319229283
0.780147942280
0.527502193522
0.658439995373
-0.278322897989
0.699280442275
0.717237202205
-0.244912203543
0.652371679588
0.697622501306
-0.323742921360
0.639150503826
0.753597797560
-0.286716321249
0.591510025817
0.734085577807
-0.364488144824
0.572945683934
0.787054192153
-0.322928353852
0.525607245852
0.675183191600
-0.400448720910
0.619490500090
0.706571833492
-0.439800471818
0.554375133916
0.645986952853
-0.474357411865
0.598068476475
0.675081212532
-0.512158451921
0.530998188897
0.636674164842
-0.356198555381
0.683936105910
0.612278645563
-0.431776061036
0.662332464329
0.581044072327
-0.504216855936
0.638868647066
0.726708735275
-0.164469064018
0.666966521691
0.769319249243
-0.200626927370
0.606544910751
0.803519500989
-0.241739721228
0.543983748572
0.834782730005
-0.276378456680
0.476185617557
0.669692786615
-0.198449175150
0.715632235466
0.815503553206
-0.152543622510
0.558287021109
0.847577056557
-0.193138485838
0.494277916244
0.816856284022
-0.353984890916
0.455456373604
0.595054863757
-0.308917655619
0.741943118551
0.571371666256
-0.385757962033
0.724379191948
0.734507136259
-0.474471636768
0.485155575756
0.700723881050
-0.545224905868
0.460125900757
0.760297089553
-0.502148668913
0.412061949138
0.611935277182
-0.545018017040
0.573140975365
0.764329201865
-0.400477967042
0.505389225340
0.794067828312
-0.085997717344
0.601714780150
0.841123642506
-0.068566157579
0.536478983794
0.841495062840
-0.381967343812
0.382082461620
0.814325287371
-0.456124091546
0.358922191373
0.792231502965
-0.429405582711
0.433566709107
0.527502193522
-0.336319229283
0.780147942280
-0.980956264723
-0.078996881606
0.177438156542
-0.962080409563
-0.093590779482
0.256207048169
-0.965936934720
-0.157915481838
0.205008630889
-0.943940777840
-0.169077889916
0.283528614204
-0.943198615059
-0.235249180312
0.234593682170
-0.918542639644
-0.241664024175
0.312854468685
-0.962515398364
-0.222867651067
0.154577223485
-0.937690641269
-0.296961193173
0.180417047494
-0.953425539368
-0.284349915945
0.100622394040
-0.925392830522
-0.357457364224
0.125985483210
-0.981724422153
-0.142945768536
0.125633061753
-0.975403682974
-0.207352445750
0.074783811631
-0.963189206148
-0.268038174599
0.020544831909
-0.953765354195
-0.024140356154
0.299581194907
-0.937361895357
-0.096770860512
0.334646197779
-0.916553529828
-0.171880849520
0.361090848025
-0.888039262076
-0.243464109737
0.390014738543
-0.975129201163
-0.009679089557
0.221425735325
-0.906554036159
-0.096271329353
0.410964245000
-0.883350836856
-0.171029073707
0.436394723814
-0.886287435498
-0.311074079426
0.343114410638
-0.993232829095
-0.062830139469
0.097677637064
-0.990926675769
-0.126458706004
0.045524926406
-0.906372472942
-0.368253017210
0.207071619515
-0.891095375459
-0.427568851834
0.152098352314
-0.868686136761
-0.435160553730
0.236684786747
-0.938068257339
-0.343456750451
0.045446728617
-0.914787570695
-0.307489581213
0.261942470681
-0.910406153201
-0.014096678368
0.413475416286
-0.875770544198
-0.047153194728
0.480419119250
-0.847893136657
-0.378013116730
0.371730160721
-0.838486891996
-0.441191398665
0.319827893867
-0.879572209883
-0.375426057235
0.292246476713
-0.998832397576
-0.045021143253
0.017519652196
0.699280442275
0.658439995373
-0.278322897989
0.652371679588
0.717237202205
-0.244912203543
0.639150503826
0.697622501306
-0.323742921360
0.591510025817
0.753597797560
-0.286716321249
0.572945683934
0.734085577807
-0.364488144824
0.525607245852
0.787054192153
-0.322928353852
0.619490500090
0.675183191600
-0.400448720910
0.554375133916
0.706571833492
-0.439800471818
0.598068476475
0.645986952853
-0.474357411865
0.530998188897
0.675081212532
-0.512158451921
0.683936105910
0.636674164842
-0.356198555381
0.662332464329
0.612278645563
-0.431776061036
0.638868647066
0.581044072327
-0.504216855936
0.666966521691
0.726708735275
-0.164469064018
0.606544910751
0.769319249243
-0.200626927370
0.543983748572
0.803519500989
-0.241739721228
0.476185617557
0.834782730005
-0.276378456680
0.715632235466
0.669692786615
-0.198449175150
0.558287021109
0.815503553206
-0.152543622510
0.494277916244
0.847577056557
-0.193138485838
0.455456373604
0.816856284022
-0.353984890916
0.741943118551
0.595054863757
-0.308917655619
0.724379191948
0.571371666256
-0.385757962033
0.485155575756
0.734507136259
-0.474471636768
0.460125900757
0.700723881050
-0.545224905868
0.412061949138
0.760297089553
-0.502148668913
0.573140975365
0.611935277182
-0.545018017040
0.505389225340
0.764329201865
-0.400477967042
0.601714780150
0.794067828312
-0.085997717344
0.536478983794
0.841123642506
-0.068566157579
0.382082461620
0.841495062840
-0.381967343812
0.358922191373
0.814325287371
-0.456124091546
0.433566709107
0.792231502965
-0.429405582711
0.780147942280
0.527502193522
-0.336319229283
0.150503258545
0.778277323881
0.609617237535
0.093479141308
0.745962459070
0.659394919452
0.068230304396
0.797065985664
0.600025366180
0.013142548618
0.760587915733
0.649101914846
-0.016153024746
0.808194864246
0.588693588549
-0.068092251121
0.767271270027
0.637697611355
0.039841286490
0.842358151158
0.537443408248
-0.040692832076
0.851336327089
0.523039722772
0.014269583168
0.882418392420
0.470249040101
-0.066219712923
0.888455553121
0.454160411913
0.124907443342
0.826881874446
0.548328821339
0.096272756163
0.869684910079
0.484127786439
0.070521979152
0.906906821665
0.415387370143
0.125409147260
0.691106877845
0.711789174671
0.044048385941
0.703315771263
0.709511568326
-0.036369335311
0.715864598092
0.697291293971
-0.117554747915
0.719649727294
0.684313635147
0.182788079266
0.725311325024
0.663710780288
-0.003226660526
0.654558350463
0.756004599524
-0.083592368484
0.665306989951
0.741875275941
-0.149343542614
0.766530453030
0.624601929918
0.207256354440
0.804773258020
0.556223702048
0.181143477545
0.850837897952
0.493215887773
-0.121374261537
0.853408592966
0.506914255164
-0.146596028930
0.887694752591
0.436471798086
-0.201955897585
0.847222502867
0.491353076784
-0.010706678854
0.916597725815
0.399667331738
-0.097050626547
0.812878806553
0.574290189489
0.063188812615
0.615811458519
0.785355601952
-0.007729314169
0.583632178523
0.811981365485
-0.229670727251
0.760095578350
0.607870108507
-0.257738587038
0.800113590038
0.541654007452
-0.178046538157
0.808992766342
0.560205439332
0.263473489287
0.825169085534
0.499677596779
-0.371339027188
-0.455761054531
0.808943253919
-0.302685490111
-0.501119251712
0.810716343513
-0.365911568540
-0.528751552250
0.765852805702
-0.294838862994
-0.570244935454
0.766740346178
-0.354505026510
-0.599081826994
0.717932553061
-0.280845028288
-0.635782822537
0.718961941032
-0.425071990116
-0.555025944394
0.715024478090
-0.414650918497
-0.620217519312
0.665879001417
-0.483176499268
-0.574979805904
0.660256536021
-0.471232418610
-0.638143935131
0.608861499610
-0.433395600814
-0.481831617135
0.761581608184
-0.491275896535
-0.506559872667
0.708551401725
-0.547801836005
-0.524761687845
0.651566051479
-0.241976179524
-0.464050258925
0.852117882534
-0.227850327031
-0.535273125149
0.813367635184
-0.219262235858
-0.602830569253
0.767150165679
-0.203725626930
-0.666393195223
0.717227982090
-0.311418420875
-0.419874910475
0.852480865881
-0.150549436635
-0.563507867510
0.812276892681
-0.141475560915
-0.629533209652
0.763984688072
-0.261685505580
-0.697099301554
0.667512741408
-0.437009127047
-0.406595292683
0.802311218197
-0.497710787997
-0.431282888439
0.752515143802
-0.399458217778
-0.681543256283
0.613132874722
-0.454623577374
-0.697323258181
0.554127852120
-0.377333059976
-0.738833455659
0.558341191967
-0.538400925602
-0.590464745657
0.601228598327
-0.340497381206
-0.662420437723
0.667278575318
-0.125050551249
-0.499473133630
0.857256640928
-0.063789178713
-0.548985276830
0.833394328336
-0.240023028150
-0.753697504533
0.611824335589
-0.296832884544
-0.775951985413
0.556586700333
-0.319366770551
-0.721652059424
0.614184964808
-0.499154800797
-0.353838881479
0.790975682809
0.887940135525
-0.322516269350
0.327941415087
0.904307122995
-0.244843207357
0.349686189477
0.923768287540
-0.268314433414
0.273238935286
0.935818236095
-0.190342980280
0.296671162823
0.953181733373
-0.209113037252
0.218440657424
0.960625965207
-0.131488447490
0.244762217564
0.937892129158
-0.287332206763
0.194418509974
0.962840194590
-0.231118807776
0.139724215418
0.944606451965
-0.307438586516
0.114891977207
0.966318863834
-0.250311617990
0.059765770287
0.904527376720
-0.345050257311
0.250540505095
0.915903847475
-0.363125037411
0.171056567794
0.919604226078
-0.382145133820
0.091066811061
0.876258238688
-0.227056618920
0.424990342167
0.910138495696
-0.168042646114
0.378694583720
0.939031015198
-0.113034028839
0.324721512715
0.960692091827
-0.053256532071
0.272459990627
0.862159955438
-0.305436414549
0.404213814591
0.908548222034
-0.091050482952
0.407737584475
0.935013761779
-0.035773780299
0.352802355330
0.978586820834
-0.069431151476
0.193770868024
0.865141357667
-0.398177965337
0.304933991504
0.878973849806
-0.419555009513
0.226668403951
0.981385891932
-0.171865336683
0.085697357978
0.981696703954
-0.190371494410
0.005502323384
0.993501745697
-0.108389047208
0.034728889161
0.944685348778
-0.326132980158
0.034740049763
0.974768156531
-0.150458368830
0.164891844134
0.871353319296
-0.116338324889
0.476664228901
0.880547523065
-0.034646901693
0.472689805081
0.989837452319
-0.006398073817
0.142059433470
0.997778098998
-0.024161604625
0.062089306829
0.989611022043
-0.087340706917
0.114199938556
0.835996826062
-0.471330204054
0.280993141483
0.371339027188
0.455761054531
0.808943253919
0.302685490111
0.501119251712
0.810716343513
0.365911568540
0.528751552250
0.765852805702
0.294838862994
0.570244935454
0.766740346178
0.354505026510
0.599081826994
0.717932553061
0.280845028288
0.635782822537
0.718961941032
0.425071990116
0.555025944394
0.715024478090
0.414650918497
0.620217519312
0.665879001417
0.483176499268
0.574979805904
0.660256536021
0.471232418610
0.638143935131
0.608861499610
0.433395600814
0.481831617135
0.761581608184
0.491275896535
0.506559872667
0.708551401725
0.547801836005
0.524761687845
0.651566051479
0.241976179524
0.464050258925
0.852117882534
0.227850327031
0.535273125149
0.813367635184
0.219262235858
0.602830569253
0.767150165679
0.203725626930
0.666393195223
0.717227982090
0.311418420875
0.419874910475
0.852480865881
0.150549436635
0.563507867510
0.812276892681
0.141475560915
0.629533209652
0.763984688072
0.261685505580
0.697099301554
0.667512741408
0.437009127047
0.406595292683
0.802311218197
0.497710787997
0.431282888439
0.752515143802
0.399458217778
0.681543256283
0.613132874722
0.454623577374
0.697323258181
0.554127852120
0.377333059976
0.738833455659
0.558341191967
0.538400925602
0.590464745657
0.601228598327
0.340497381206
0.662420437723
0.667278575318
0.125050551249
0.499473133630
0.857256640928
0.063789178713
0.548985276830
0.833394328336
0.240023028150
0.753697504533
0.611824335589
0.296832884544
0.775951985413
0.556586700333
0.319366770551
0.721652059424
0.614184964808
0.499154800797
0.353838881479
0.790975682809
-0.078996881606
-0.177438156542
0.980956264723
-0.093590779482
-0.256207048169
0.962080409563
-0.157915481838
-0.205008630889
0.965936934720
-0.169077889916
-0.283528614204
0.943940777840
-0.235249180312
-0.234593682170
0.943198615059
-0.241664024175
-0.312854468685
0.918542639644
-0.222867651067
-0.154577223485
0.962515398364
-0.296961193173
-0.180417047494
0.937690641269
-0.284349915945
-0.100622394040
0.953425539368
-0.357457364224
-0.125985483210
0.925392830522
-0.142945768536
-0.125633061753
0.981724422153
-0.207352445750
-0.074783811631
0.975403682974
-0.268038174599
-0.020544831909
0.963189206148
-0.024140356154
-0.299581194907
0.953765354195
-0.096770860512
-0.334646197779
0.937361895357
-0.171880849520
-0.361090848025
0.916553529828
-0.243464109737
-0.390014738543
0.888039262076
-0.009679089557
-0.221425735325
0.975129201163
-0.096271329353
-0.410964245000
0.906554036159
-0.171029073707
-0.436394723814
0.883350836856
-0.311074079426
-0.343114410638
0.886287435498
-0.062830139469
-0.097677637064
0.993232829095
-0.126458706004
-0.045524926406
0.990926675769
-0.368253017210
-0.207071619515
0.906372472942
-0.427568851834
-0.152098352314
0.891095375459
-0.435160553730
-0.236684786747
0.868686136761
-0.343456750451
-0.045446728617
0.938068257339
-0.307489581213
-0.261942470681
0.914787570695
-0.014096678368
-0.413475416286
0.910406153201
-0.047153194728
-0.480419119250
0.875770544198
-0.378013116730
-0.371730160721
0.847893136657
-0.441191398665
-0.319827893867
0.838486891996
-0.375426057235
-0.292246476713
0.879572209883
-0.045021143253
-0.017519652196
0.998832397576
0.078996881606
0.177438156542
0.980956264723
0.093590779482
0.256207048169
0.962080409563
0.157915481838
0.205008630889
0.965936934720
0.169077889916
0.283528614204
0.943940777840
0.235249180312
0.234593682170
0.943198615059
0.241664024175
0.312854468685
0.918542639644
0.222867651067
0.154577223485
0.962515398364
0.296961193173
0.180417047494
0.937690641269
0.284349915945
0.100622394040
0.953425539368
0.357457364224
0.125985483210
0.925392830522
0.142945768536
0.125633061753
0.981724422153
0.207352445750
0.074783811631
0.975403682974
0.268038174599
0.020544831909
0.963189206148
0.024140356154
0.299581194907
0.953765354195
0.096770860512
0.334646197779
0.937361895357
0.171880849520
0.361090848025
0.916553529828
0.243464109737
0.390014738543
0.888039262076
0.009679089557
0.221425735325
0.975129201163
0.096271329353
0.410964245000
0.906554036159
0.171029073707
0.436394723814
0.883350836856
0.311074079426
0.343114410638
0.886287435498
0.062830139469
0.097677637064
0.993232829095
0.126458706004
0.045524926406
0.990926675769
0.368253017210
0.207071619515
0.906372472942
0.427568851834
0.152098352314
0.891095375459
0.435160553730
0.236684786747
0.868686136761
0.343456750451
0.045446728617
0.938068257339
0.307489581213
0.261942470681
0.914787570695
0.014096678368
0.413475416286
0.910406153201
0.047153194728
0.480419119250
0.875770544198
0.378013116730
0.371730160721
0.847893136657
0.441191398665
0.319827893867
0.838486891996
0.375426057235
0.292246476713
0.879572209883
0.045021143253
0.017519652196
0.998832397576
-0.327941415087
0.887940135525
0.322516269350
-0.349686189477
0.904307122995
0.244843207357
-0.273238935286
0.923768287540
0.268314433414
-0.296671162823
0.935818236095
0.190342980280
-0.218440657424
0.953181733373
0.209113037252
-0.244762217564
0.960625965207
0.131488447490
-0.194418509974
0.937892129158
0.287332206763
-0.139724215418
0.962840194590
0.231118807776
-0.114891977207
0.944606451965
0.307438586516
-0.059765770287
0.966318863834
0.250311617990
-0.250540505095
0.904527376720
0.345050257311
-0.171056567794
0.915903847475
0.363125037411
-0.091066811061
0.919604226078
0.382145133820
-0.424990342167
0.876258238688
0.227056618920
-0.378694583720
0.910138495696
0.168042646114
-0.324721512715
0.939031015198
0.113034028839
-0.272459990627
0.960692091827
0.053256532071
-0.404213814591
0.862159955438
0.305436414549
-0.407737584475
0.908548222034
0.091050482952
-0.352802355330
0.935013761779
0.035773780299
-0.193770868024
0.978586820834
0.069431151476
-0.304933991504
0.865141357667
0.398177965337
-0.226668403951
0.878973849806
0.419555009513
-0.085697357978
0.981385891932
0.171865336683
-0.005502323384
0.981696703954
0.190371494410
-0.034728889161
0.993501745697
0.108389047208
-0.034740049763
0.944685348778
0.326132980158
-0.164891844134
0.974768156531
0.150458368830
-0.476664228901
0.871353319296
0.116338324889
-0.472689805081
0.880547523065
0.034646901693
-0.142059433470
0.989837452319
0.006398073817
-0.062089306829
0.997778098998
0.024161604625
-0.114199938556
0.989611022043
0.087340706917
-0.280993141483
0.835996826062
0.471330204054
-0.609617237535
0.150503258545
-0.778277323881
-0.659394919452
0.093479141308
-0.745962459070
-0.600025366180
0.068230304396
-0.797065985664
-0.649101914846
0.013142548618
-0.760587915733
-0.588693588549
-0.016153024746
-0.808194864246
-0.637697611355
-0.068092251121
-0.767271270027
-0.537443408248
0.039841286490
-0.842358151158
-0.523039722772
-0.040692832076
-0.851336327089
-0.470249040101
0.014269583168
-0.882418392420
-0.454160411913
-0.066219712923
-0.888455553121
-0.548328821339
0.124907443342
-0.826881874446
-0.484127786439
0.096272756163
-0.869684910079
-0.415387370143
0.070521979152
-0.906906821665
-0.711789174671
0.125409147260
-0.691106877845
-0.709511568326
0.044048385941
-0.703315771263
-0.697291293971
-0.036369335311
-0.715864598092
-0.684313635147
-0.117554747915
-0.719649727294
-0.663710780288
0.182788079266
-0.725311325024
-0.756004599524
-0.003226660526
-0.654558350463
-0.741875275941
-0.083592368484
-0.665306989951
-0.624601929918
-0.149343542614
-0.766530453030
-0.556223702048
0.207256354440
-0.804773258020
-0.493215887773
0.181143477545
-0.850837897952
-0.506914255164
-0.121374261537
-0.853408592966
-0.436471798086
-0.146596028930
-0.887694752591
-0.491353076784
-0.201955897585
-0.847222502867
-0.399667331738
-0.010706678854
-0.916597725815
-0.574290189489
-0.097050626547
-0.812878806553
-0.785355601952
0.063188812615
-0.615811458519
-0.811981365485
-0.007729314169
-0.583632178523
-0.607870108507
-0.229670727251
-0.760095578350
-0.541654007452
-0.257738587038
-0.800113590038
-0.560205439332
-0.178046538157
-0.808992766342
-0.499677596779
0.263473489287
-0.825169085534
-0.808943253919
-0.371339027188
0.455761054531
-0.810716343513
-0.302685490111
0.501119251712
-0.765852805702
-0.365911568540
0.528751552250
-0.766740346178
-0.294838862994
0.570244935454
-0.717932553061
-0.354505026510
0.599081826994
-0.718961941032
-0.280845028288
0.635782822537
-0.715024478090
-0.425071990116
0.555025944394
-0.665879001417
-0.414650918497
0.620217519312
-0.660256536021
-0.483176499268
0.574979805904
-0.608861499610
-0.471232418610
0.638143935131
-0.761581608184
-0.433395600814
0.481831617135
-0.708551401725
-0.491275896535
0.506559872667
-0.651566051479
-0.547801836005
0.524761687845
-0.852117882534
-0.241976179524
0.464050258925
-0.813367635184
-0.227850327031
0.535273125149
-0.767150165679
-0.219262235858
0.602830569253
-0.717227982090
-0.203725626930
0.666393195223
-0.852480865881
-0.311418420875
0.419874910475
-0.812276892681
-0.150549436635
0.563507867510
-0.763984688072
-0.141475560915
0.629533209652
-0.667512741408
-0.261685505580
0.697099301554
-0.802311218197
-0.437009127047
0.406595292683
-0.752515143802
-0.497710787997
0.431282888439
-0.613132874722
-0.399458217778
0.681543256283
-0.554127852120
-0.454623577374
0.697323258181
-0.558341191967
-0.377333059976
0.738833455659
-0.601228598327
-0.538400925602
0.590464745657
-0.667278575318
-0.340497381206
0.662420437723
-0.857256640928
-0.125050551249
0.499473133630
-0.833394328336
-0.063789178713
0.548985276830
-0.611824335589
-0.240023028150
0.753697504533
-0.556586700333
-0.296832884544
0.775951985413
-0.614184964808
-0.319366770551
0.721652059424
-0.790975682809
-0.499154800797
0.353838881479
-0.699280442275
0.658439995373
0.278322897989
-0.652371679588
0.717237202205
0.244912203543
-0.639150503826
0.697622501306
0.323742921360
-0.591510025817
0.753597797560
0.286716321249
-0.572945683934
0.734085577807
0.364488144824
-0.525607245852
0.787054192153
0.322928353852
-0.619490500090
0.675183191600
0.400448720910
-0.554375133916
0.706571833492
0.439800471818
-0.598068476475
0.645986952853
0.474357411865
-0.530998188897
0.675081212532
0.512158451921
-0.683936105910
0.636674164842
0.356198555381
-0.662332464329
0.612278645563
0.431776061036
-0.638868647066
0.581044072327
0.504216855936
-0.666966521691
0.726708735275
0.164469064018
-0.606544910751
0.769319249243
0.200626927370
-0.543983748572
0.803519500989
0.241739721228
-0.476185617557
0.834782730005
0.276378456680
-0.715632235466
0.669692786615
0.198449175150
-0.558287021109
0.815503553206
0.152543622510
-0.494277916244
0.847577056557
0.193138485838
-0.455456373604
0.816856284022
0.353984890916
-0.741943118551
0.595054863757
0.308917655619
-0.724379191948
0.571371666256
0.385757962033
-0.485155575756
0.734507136259
0.474471636768
-0.460125900757
0.700723881050
0.545224905868
-0.412061949138
0.760297089553
0.502148668913
-0.573140975365
0.611935277182
0.545018017040
-0.505389225340
0.764329201865
0.400477967042
-0.601714780150
0.794067828312
0.085997717344
-0.536478983794
0.841123642506
0.068566157579
-0.382082461620
0.841495062840
0.381967343812
-0.358922191373
0.814325287371
0.456124091546
-0.433566709107
0.792231502965
0.429405582711
-0.780147942280
0.527502193522
0.336319229283
-0.808943253919
0.371339027188
-0.455761054531
-0.810716343513
0.302685490111
-0.501119251712
-0.765852805702
0.365911568540
-0.528751552250
-0.766740346178
0.294838862994
-0.570244935454
-0.717932553061
0.354505026510
-0.599081826994
-0.718961941032
0.280845028288
-0.635782822537
-0.715024478090
0.425071990116
-0.555025944394
-0.665879001417
0.414650918497
-0.620217519312
-0.660256536021
0.483176499268
-0.574979805904
-0.608861499610
0.471232418610
-0.638143935131
-0.761581608184
0.433395600814
-0.481831617135
-0.708551401725
0.491275896535
-0.506559872667
-0.651566051479
0.547801836005
-0.524761687845
-0.852117882534
0.241976179524
-0.464050258925
-0.813367635184
0.227850327031
-0.535273125149
-0.767150165679
0.219262235858
-0.602830569253
-0.717227982090
0.203725626930
-0.666393195223
-0.852480865881
0.311418420875
-0.419874910475
-0.812276892681
0.150549436635
-0.563507867510
-0.763984688072
0.141475560915
-0.629533209652
-0.667512741408
0.261685505580
-0.697099301554
-0.802311218197
0.437009127047
-0.406595292683
-0.752515143802
0.497710787997
-0.431282888439
-0.613132874722
0.399458217778
-0.681543256283
-0.554127852120
0.454623577374
-0.697323258181
-0.558341191967
0.377333059976
-0.738833455659
-0.601228598327
0.538400925602
-0.590464745657
-0.667278575318
0.340497381206
-0.662420437723
-0.857256640928
0.125050551249
-0.499473133630
-0.833394328336
0.063789178713
-0.548985276830
-0.611824335589
0.240023028150
-0.753697504533
-0.556586700333
0.296832884544
-0.775951985413
-0.614184964808
0.319366770551
-0.721652059424
-0.790975682809
0.499154800797
-0.353838881479
-0.327941415087
-0.887940135525
-0.322516269350
-0.349686189477
-0.904307122995
-0.244843207357
-0.273238935286
-0.923768287540
-0.268314433414
-0.296671162823
-0.935818236095
-0.190342980280
-0.218440657424
-0.953181733373
-0.209113037252
-0.244762217564
-0.960625965207
-0.131488447490
-0.194418509974
-0.937892129158
-0.287332206763
-0.139724215418
-0.962840194590
-0.231118807776
-0.114891977207
-0.944606451965
-0.307438586516
-0.059765770287
-0.966318863834
-0.250311617990
-0.250540505095
-0.904527376720
-0.345050257311
-0.171056567794
-0.915903847475
-0.363125037411
-0.091066811061
-0.919604226078
-0.382145133820
-0.424990342167
-0.876258238688
-0.227056618920
-0.378694583720
-0.910138495696
-0.168042646114
-0.324721512715
-0.939031015198
-0.113034028839
-0.272459990627
-0.960692091827
-0.053256532071
-0.404213814591
-0.862159955438
-0.305436414549
-0.407737584475
-0.908548222034
-0.091050482952
-0.352802355330
-0.935013761779
-0.035773780299
-0.193770868024
-0.978586820834
-0.069431151476
-0.304933991504
-0.865141357667
-0.398177965337
-0.226668403951
-0.878973849806
-0.419555009513
-0.085697357978
-0.981385891932
-0.171865336683
-0.005502323384
-0.981696703954
-0.190371494410
-0.034728889161
-0.993501745697
-0.108389047208
-0.034740049763
-0.944685348778
-0.326132980158
-0.164891844134
-0.974768156531
-0.150458368830
-0.476664228901
-0.871353319296
-0.116338324889
-0.472689805081
-0.880547523065
-0.034646901693
-0.142059433470
-0.989837452319
-0.006398073817
-0.062089306829
-0.997778098998
-0.024161604625
-0.114199938556
-0.989611022043
-0.087340706917
-0.280993141483
-0.835996826062
-0.471330204054
0.609617237535
0.150503258545
0.778277323881
0.659394919452
0.093479141308
0.745962459070
0.600025366180
0.068230304396
0.797065985664
0.649101914846
0.013142548618
0.760587915733
0.588693588549
-0.016153024746
0.808194864246
0.637697611355
-0.068092251121
0.767271270027
0.537443408248
0.039841286490
0.842358151158
0.523039722772
-0.040692832076
0.851336327089
0.470249040101
0.014269583168
0.882418392420
0.454160411913
-0.066219712923
0.888455553121
0.548328821339
0.124907443342
0.826881874446
0.484127786439
0.096272756163
0.869684910079
0.415387370143
0.070521979152
0.906906821665
0.711789174671
0.125409147260
0.691106877845
0.709511568326
0.044048385941
0.703315771263
0.697291293971
-0.036369335311
0.715864598092
0.684313635147
-0.117554747915
0.719649727294
0.663710780288
0.182788079266
0.725311325024
0.756004599524
-0.003226660526
0.654558350463
0.741875275941
-0.083592368484
0.665306989951
0.624601929918
-0.149343542614
0.766530453030
0.556223702048
0.207256354440
0.804773258020
0.493215887773
0.181143477545
0.850837897952
0.506914255164
-0.121374261537
0.853408592966
0.436471798086
-0.146596028930
0.887694752591
0.491353076784
-0.201955897585
0.847222502867
0.399667331738
-0.010706678854
0.916597725815
0.574290189489
-0.097050626547
0.812878806553
0.785355601952
0.063188812615
0.615811458519
0.811981365485
-0.007729314169
0.583632178523
0.607870108507
-0.229670727251
0.760095578350
0.541654007452
-0.257738587038
0.800113590038
0.560205439332
-0.178046538157
0.808992766342
0.499677596779
0.263473489287
0.825169085534
0.808943253919
-0.371339027188
-0.455761054531
0.810716343513
-0.302685490111
-0.501119251712
0.765852805702
-0.365911568540
-0.528751552250
0.766740346178
-0.294838862994
-0.570244935454
0.717932553061
-0.354505026510
-0.599081826994
0.718961941032
-0.280845028288
-0.635782822537
0.715024478090
-0.425071990116
-0.555025944394
0.665879001417
-0.414650918497
-0.620217519312
0.660256536021
-0.483176499268
-0.574979805904
0.608861499610
-0.471232418610
-0.638143935131
0.761581608184
-0.433395600814
-0.481831617135
0.708551401725
-0.491275896535
-0.506559872667
0.651566051479
-0.547801836005
-0.524761687845
0.852117882534
-0.241976179524
-0.464050258925
0.813367635184
-0.227850327031
-0.535273125149
0.767150165679
-0.219262235858
-0.602830569253
0.717227982090
-0.203725626930
-0.666393195223
0.852480865881
-0.311418420875
-0.419874910475
0.812276892681
-0.150549436635
-0.563507867510
0.763984688072
-0.141475560915
-0.629533209652
0.667512741408
-0.261685505580
-0.697099301554
0.802311218197
-0.437009127047
-0.406595292683
0.752515143802
-0.497710787997
-0.431282888439
0.613132874722
-0.399458217778
-0.681543256283
0.554127852120
-0.454623577374
-0.697323258181
0.558341191967
-0.377333059976
-0.738833455659
0.601228598327
-0.538400925602
-0.590464745657
0.667278575318
-0.340497381206
-0.662420437723
0.857256640928
-0.125050551249
-0.499473133630
0.833394328336
-0.063789178713
-0.548985276830
0.611824335589
-0.240023028150
-0.753697504533
0.556586700333
-0.296832884544
-0.775951985413
0.614184964808
-0.319366770551
-0.721652059424
0.790975682809
-0.499154800797
-0.353838881479
0.327941415087
0.887940135525
-0.322516269350
0.349686189477
0.904307122995
-0.244843207357
0.273238935286
0.923768287540
-0.268314433414
0.296671162823
0.935818236095
-0.190342980280
0.218440657424
0.953181733373
-0.209113037252
0.244762217564
0.960625965207
-0.131488447490
0.194418509974
0.937892129158
-0.287332206763
0.139724215418
0.962840194590
-0.231118807776
0.114891977207
0.944606451965
-0.307438586516
0.059765770287
0.966318863834
-0.250311617990
0.250540505095
0.904527376720
-0.345050257311
0.171056567794
0.915903847475
-0.363125037411
0.091066811061
0.919604226078
-0.382145133820
0.424990342167
0.876258238688
-0.227056618920
0.378694583720
0.910138495696
-0.168042646114
0.324721512715
0.939031015198
-0.113034028839
0.272459990627
0.960692091827
-0.053256532071
0.404213814591
0.862159955438
-0.305436414549
0.407737584475
0.908548222034
-0.091050482952
0.352802355330
0.935013761779
-0.035773780299
0.193770868024
0.978586820834
-0.069431151476
0.304933991504
0.865141357667
-0.398177965337
0.226668403951
0.878973849806
-0.419555009513
0.085697357978
0.981385891932
-0.171865336683
0.005502323384
0.981696703954
-0.190371494410
0.034728889161
0.993501745697
-0.108389047208
0.034740049763
0.944685348778
-0.326132980158
0.164891844134
0.974768156531
-0.150458368830
0.476664228901
0.871353319296
-0.116338324889
0.472689805081
0.880547523065
-0.034646901693
0.142059433470
0.989837452319
-0.006398073817
0.062089306829
0.997778098998
-0.024161604625
0.114199938556
0.989611022043
-0.087340706917
0.280993141483
0.835996826062
-0.471330204054
0.808943253919
0.371339027188
0.455761054531
0.810716343513
0.302685490111
0.501119251712
0.765852805702
0.365911568540
0.528751552250
0.766740346178
0.294838862994
0.570244935454
0.717932553061
0.354505026510
0.599081826994
0.718961941032
0.280845028288
0.635782822537
0.715024478090
0.425071990116
0.555025944394
0.665879001417
0.414650918497
0.620217519312
0.660256536021
0.483176499268
0.574979805904
0.608861499610
0.471232418610
0.638143935131
0.761581608184
0.433395600814
0.481831617135
0.708551401725
0.491275896535
0.506559872667
0.651566051479
0.547801836005
0.524761687845
0.852117882534
0.241976179524
0.464050258925
0.813367635184
0.227850327031
0.535273125149
0.767150165679
0.219262235858
0.602830569253
0.717227982090
0.203725626930
0.666393195223
0.852480865881
0.311418420875
0.419874910475
0.812276892681
0.150549436635
0.563507867510
0.763984688072
0.141475560915
0.629533209652
0.667512741408
0.261685505580
0.697099301554
0.802311218197
0.437009127047
0.406595292683
0.752515143802
0.497710787997
0.431282888439
0.613132874722
0.399458217778
0.681543256283
0.554127852120
0.454623577374
0.697323258181
0.558341191967
0.377333059976
0.738833455659
0.601228598327
0.538400925602
0.590464745657
0.667278575318
0.340497381206
0.662420437723
0.857256640928
0.125050551249
0.499473133630
0.833394328336
0.063789178713
0.548985276830
0.611824335589
0.240023028150
0.753697504533
0.556586700333
0.296832884544
0.775951985413
0.614184964808
0.319366770551
0.721652059424
0.790975682809
0.499154800797
0.353838881479
0.980956264723
-0.078996881606
-0.177438156542
0.962080409563
-0.093590779482
-0.256207048169
0.965936934720
-0.157915481838
-0.205008630889
0.943940777840
-0.169077889916
-0.283528614204
0.943198615059
-0.235249180312
-0.234593682170
0.918542639644
-0.241664024175
-0.312854468685
0.962515398364
-0.222867651067
-0.154577223485
0.937690641269
-0.296961193173
-0.180417047494
0.953425539368
-0.284349915945
-0.100622394040
0.925392830522
-0.357457364224
-0.125985483210
0.981724422153
-0.142945768536
-0.125633061753
0.975403682974
-0.207352445750
-0.074783811631
0.963189206148
-0.268038174599
-0.020544831909
0.953765354195
-0.024140356154
-0.299581194907
0.937361895357
-0.096770860512
-0.334646197779
0.916553529828
-0.171880849520
-0.361090848025
0.888039262076
-0.243464109737
-0.390014738543
0.975129201163
-0.009679089557
-0.221425735325
0.906554036159
-0.096271329353
-0.410964245000
0.883350836856
-0.171029073707
-0.436394723814
0.886287435498
-0.311074079426
-0.343114410638
0.993232829095
-0.062830139469
-0.097677637064
0.990926675769
-0.126458706004
-0.045524926406
0.906372472942
-0.368253017210
-0.207071619515
0.891095375459
-0.427568851834
-0.152098352314
0.868686136761
-0.435160553730
-0.236684786747
0.938068257339
-0.343456750451
-0.045446728617
0.914787570695
-0.307489581213
-0.261942470681
0.910406153201
-0.014096678368
-0.413475416286
0.875770544198
-0.047153194728
-0.480419119250
0.847893136657
-0.378013116730
-0.371730160721
0.838486891996
-0.441191398665
-0.319827893867
0.879572209883
-0.375426057235
-0.292246476713
0.998832397576
-0.045021143253
-0.017519652196
-0.078996881606
0.177438156542
-0.980956264723
-0.093590779482
0.256207048169
-0.962080409563
-0.157915481838
0.205008630889
-0.965936934720
-0.169077889916
0.283528614204
-0.943940777840
-0.235249180312
0.234593682170
-0.943198615059
-0.241664024175
0.312854468685
-0.918542639644
-0.222867651067
0.154577223485
-0.962515398364
-0.296961193173
0.180417047494
-0.937690641269
-0.284349915945
0.100622394040
-0.953425539368
-0.357457364224
0.125985483210
-0.925392830522
-0.142945768536
0.125633061753
-0.981724422153
-0.207352445750
0.074783811631
-0.975403682974
-0.268038174599
0.020544831909
-0.963189206148
-0.024140356154
0.299581194907
-0.953765354195
-0.096770860512
0.334646197779
-0.937361895357
-0.171880849520
0.361090848025
-0.916553529828
-0.243464109737
0.390014738543
-0.888039262076
-0.009679089557
0.221425735325
-0.975129201163
-0.096271329353
0.410964245000
-0.906554036159
-0.171029073707
0.436394723814
-0.883350836856
-0.311074079426
0.343114410638
-0.886287435498
-0.062830139469
0.097677637064
-0.993232829095
-0.126458706004
0.045524926406
-0.990926675769
-0.368253017210
0.207071619515
-0.906372472942
-0.427568851834
0.152098352314
-0.891095375459
-0.435160553730
0.236684786747
-0.868686136761
-0.343456750451
0.045446728617
-0.938068257339
-0.307489581213
0.261942470681
-0.914787570695
-0.014096678368
0.413475416286
-0.910406153201
-0.047153194728
0.480419119250
-0.875770544198
-0.378013116730
0.371730160721
-0.847893136657
-0.441191398665
0.319827893867
-0.838486891996
-0.375426057235
0.292246476713
-0.879572209883
-0.045021143253
0.017519652196
-0.998832397576
0.327941415087
-0.887940135525
0.322516269350
0.349686189477
-0.904307122995
0.244843207357
0.273238935286
-0.923768287540
0.268314433414
0.296671162823
-0.935818236095
0.190342980280
0.218440657424
-0.953181733373
0.209113037252
0.244762217564
-0.960625965207
0.131488447490
0.194418509974
-0.937892129158
0.287332206763
0.139724215418
-0.962840194590
0.231118807776
0.114891977207
-0.944606451965
0.307438586516
0.059765770287
-0.966318863834
0.250311617990
0.250540505095
-0.904527376720
0.345050257311
0.171056567794
-0.915903847475
0.363125037411
0.091066811061
-0.919604226078
0.382145133820
0.424990342167
-0.876258238688
0.227056618920
0.378694583720
-0.910138495696
0.168042646114
0.324721512715
-0.939031015198
0.113034028839
0.272459990627
-0.960692091827
0.053256532071
0.404213814591
-0.862159955438
0.305436414549
0.407737584475
-0.908548222034
0.091050482952
0.352802355330
-0.935013761779
0.035773780299
0.193770868024
-0.978586820834
0.069431151476
0.304933991504
-0.865141357667
0.398177965337
0.226668403951
-0.878973849806
0.419555009513
0.085697357978
-0.981385891932
0.171865336683
0.005502323384
-0.981696703954
0.190371494410
0.034728889161
-0.993501745697
0.108389047208
0.034740049763
-0.944685348778
0.326132980158
0.164891844134
-0.974768156531
0.150458368830
0.476664228901
-0.871353319296
0.116338324889
0.472689805081
-0.880547523065
0.034646901693
0.142059433470
-0.989837452319
0.006398073817
0.062089306829
-0.997778098998
0.024161604625
0.114199938556
-0.989611022043
0.087340706917
0.280993141483
-0.835996826062
0.471330204054
-0.887940135525
0.322516269350
0.327941415087
-0.904307122995
0.244843207357
0.349686189477
-0.923768287540
0.268314433414
0.273238935286
-0.935818236095
0.190342980280
0.296671162823
-0.953181733373
0.209113037252
0.218440657424
-0.960625965207
0.131488447490
0.244762217564
-0.937892129158
0.287332206763
0.194418509974
-0.962840194590
0.231118807776
0.139724215418
-0.944606451965
0.307438586516
0.114891977207
-0.966318863834
0.250311617990
0.059765770287
-0.904527376720
0.345050257311
0.250540505095
-0.915903847475
0.363125037411
0.171056567794
-0.919604226078
0.382145133820
0.091066811061
-0.876258238688
0.227056618920
0.424990342167
-0.910138495696
0.168042646114
0.378694583720
-0.939031015198
0.113034028839
0.324721512715
-0.960692091827
0.053256532071
0.272459990627
-0.862159955438
0.305436414549
0.404213814591
-0.908548222034
0.091050482952
0.407737584475
-0.935013761779
0.035773780299
0.352802355330
-0.978586820834
0.069431151476
0.193770868024
-0.865141357667
0.398177965337
0.304933991504
-0.878973849806
0.419555009513
0.226668403951
-0.981385891932
0.171865336683
0.085697357978
-0.981696703954
0.190371494410
0.005502323384
-0.993501745697
0.108389047208
0.034728889161
-0.944685348778
0.326132980158
0.034740049763
-0.974768156531
0.150458368830
0.164891844134
-0.871353319296
0.116338324889
0.476664228901
-0.880547523065
0.034646901693
0.472689805081
-0.989837452319
0.006398073817
0.142059433470
-0.997778098998
0.024161604625
0.062089306829
-0.989611022043
0.087340706917
0.114199938556
-0.835996826062
0.471330204054
0.280993141483
-0.150503258545
-0.778277323881
0.609617237535
-0.093479141308
-0.745962459070
0.659394919452
-0.068230304396
-0.797065985664
0.600025366180
-0.013142548618
-0.760587915733
0.649101914846
0.016153024746
-0.808194864246
0.588693588549
0.068092251121
-0.767271270027
0.637697611355
-0.039841286490
-0.842358151158
0.537443408248
0.040692832076
-0.851336327089
0.523039722772
-0.014269583168
-0.882418392420
0.470249040101
0.066219712923
-0.888455553121
0.454160411913
-0.124907443342
-0.826881874446
0.548328821339
-0.096272756163
-0.869684910079
0.484127786439
-0.070521979152
-0.906906821665
0.415387370143
-0.125409147260
-0.691106877845
0.711789174671
-0.044048385941
-0.703315771263
0.709511568326
0.036369335311
-0.715864598092
0.697291293971
0.117554747915
-0.719649727294
0.684313635147
-0.182788079266
-0.725311325024
0.663710780288
0.003226660526
-0.654558350463
0.756004599524
0.083592368484
-0.665306989951
0.741875275941
0.149343542614
-0.766530453030
0.624601929918
-0.207256354440
-0.804773258020
0.556223702048
-0.181143477545
-0.850837897952
0.493215887773
0.121374261537
-0.853408592966
0.506914255164
0.146596028930
-0.887694752591
0.436471798086
0.201955897585
-0.847222502867
0.491353076784
0.010706678854
-0.916597725815
0.399667331738
0.097050626547
-0.812878806553
0.574290189489
-0.063188812615
-0.615811458519
0.785355601952
0.007729314169
-0.583632178523
0.811981365485
0.229670727251
-0.760095578350
0.607870108507
0.257738587038
-0.800113590038
0.541654007452
0.178046538157
-0.808992766342
0.560205439332
-0.263473489287
-0.825169085534
0.499677596779
-0.658439995373
0.278322897989
0.699280442275
-0.717237202205
0.244912203543
0.652371679588
-0.697622501306
0.323742921360
0.639150503826
-0.753597797560
0.286716321249
0.591510025817
-0.734085577807
0.364488144824
0.572945683934
-0.787054192153
0.322928353852
0.525607245852
-0.675183191600
0.400448720910
0.619490500090
-0.706571833492
0.439800471818
0.554375133916
-0.645986952853
0.474357411865
0.598068476475
-0.675081212532
0.512158451921
0.530998188897
-0.636674164842
0.356198555381
0.683936105910
-0.612278645563
0.431776061036
0.662332464329
-0.581044072327
0.504216855936
0.638868647066
-0.726708735275
0.164469064018
0.666966521691
-0.769319249243
0.200626927370
0.606544910751
-0.803519500989
0.241739721228
0.543983748572
-0.834782730005
0.276378456680
0.476185617557
-0.669692786615
0.198449175150
0.715632235466
-0.815503553206
0.152543622510
0.558287021109
-0.847577056557
0.193138485838
0.494277916244
-0.816856284022
0.353984890916
0.455456373604
-0.595054863757
0.308917655619
0.741943118551
-0.571371666256
0.385757962033
0.724379191948
-0.734507136259
0.474471636768
0.485155575756
-0.700723881050
0.545224905868
0.460125900757
-0.760297089553
0.502148668913
0.412061949138
-0.611935277182
0.545018017040
0.573140975365
-0.764329201865
0.400477967042
0.505389225340
-0.794067828312
0.085997717344
0.601714780150
-0.841123642506
0.068566157579
0.536478983794
-0.841495062840
0.381967343812
0.382082461620
-0.814325287371
0.456124091546
0.358922191373
-0.792231502965
0.429405582711
0.433566709107
-0.527502193522
0.336319229283
0.780147942280
-0.699280442275
-0.658439995373
-0.278322897989
-0.652371679588
-0.717237202205
-0.244912203543
-0.639150503826
-0.697622501306
-0.323742921360
-0.591510025817
-0.753597797560
-0.286716321249
-0.572945683934
-0.734085577807
-0.364488144824
-0.525607245852
-0.787054192153
-0.322928353852
-0.619490500090
-0.675183191600
-0.400448720910
-0.554375133916
-0.706571833492
-0.439800471818
-0.598068476475
-0.645986952853
-0.474357411865
-0.530998188897
-0.675081212532
-0.512158451921
-0.683936105910
-0.636674164842
-0.356198555381
-0.662332464329
-0.612278645563
-0.431776061036
-0.638868647066
-0.581044072327
-0.504216855936
-0.666966521691
-0.726708735275
-0.164469064018
-0.606544910751
-0.769319249243
-0.200626927370
-0.543983748572
-0.803519500989
-0.241739721228
-0.476185617557
-0.834782730005
-0.276378456680
-0.715632235466
-0.669692786615
-0.198449175150
-0.558287021109
-0.815503553206
-0.152543622510
-0.494277916244
-0.847577056557
-0.193138485838
-0.455456373604
-0.816856284022
-0.353984890916
-0.741943118551
-0.595054863757
-0.308917655619
-0.724379191948
-0.571371666256
-0.385757962033
-0.485155575756
-0.734507136259
-0.474471636768
-0.460125900757
-0.700723881050
-0.545224905868
-0.412061949138
-0.760297089553
-0.502148668913
-0.573140975365
-0.611935277182
-0.545018017040
-0.505389225340
-0.764329201865
-0.400477967042
-0.601714780150
-0.794067828312
-0.085997717344
-0.536478983794
-0.841123642506
-0.068566157579
-0.382082461620
-0.841495062840
-0.381967343812
-0.358922191373
-0.814325287371
-0.456124091546
-0.433566709107
-0.792231502965
-0.429405582711
-0.780147942280
-0.527502193522
-0.336319229283
0.278322897989
-0.699280442275
0.658439995373
0.244912203543
-0.652371679588
0.717237202205
0.323742921360
-0.639150503826
0.697622501306
0.286716321249
-0.591510025817
0.753597797560
0.364488144824
-0.572945683934
0.734085577807
0.322928353852
-0.525607245852
0.787054192153
0.400448720910
-0.619490500090
0.675183191600
0.439800471818
-0.554375133916
0.706571833492
0.474357411865
-0.598068476475
0.645986952853
0.512158451921
-0.530998188897
0.675081212532
0.356198555381
-0.683936105910
0.636674164842
0.431776061036
-0.662332464329
0.612278645563
0.504216855936
-0.638868647066
0.581044072327
0.164469064018
-0.666966521691
0.726708735275
0.200626927370
-0.606544910751
0.769319249243
0.241739721228
-0.543983748572
0.803519500989
0.276378456680
-0.476185617557
0.834782730005
0.198449175150
-0.715632235466
0.669692786615
0.152543622510
-0.558287021109
0.815503553206
0.193138485838
-0.494277916244
0.847577056557
0.353984890916
-0.455456373604
0.816856284022
0.308917655619
-0.741943118551
0.595054863757
0.385757962033
-0.724379191948
0.571371666256
0.474471636768
-0.485155575756
0.734507136259
0.545224905868
-0.460125900757
0.700723881050
0.502148668913
-0.412061949138
0.760297089553
0.545018017040
-0.573140975365
0.611935277182
0.400477967042
-0.505389225340
0.764329201865
0.085997717344
-0.601714780150
0.794067828312
0.068566157579
-0.536478983794
0.841123642506
0.381967343812
-0.382082461620
0.841495062840
0.456124091546
-0.358922191373
0.814325287371
0.429405582711
-0.433566709107
0.792231502965
0.336319229283
-0.780147942280
0.527502193522
-0.609617237535
-0.150503258545
0.778277323881
-0.659394919452
-0.093479141308
0.745962459070
-0.600025366180
-0.068230304396
0.797065985664
-0.649101914846
-0.013142548618
0.760587915733
-0.588693588549
0.016153024746
0.808194864246
-0.637697611355
0.068092251121
0.767271270027
-0.537443408248
-0.039841286490
0.842358151158
-0.523039722772
0.040692832076
0.851336327089
-0.470249040101
-0.014269583168
0.882418392420
-0.454160411913
0.066219712923
0.888455553121
-0.548328821339
-0.124907443342
0.826881874446
-0.484127786439
-0.096272756163
0.869684910079
-0.415387370143
-0.070521979152
0.906906821665
-0.711789174671
-0.125409147260
0.691106877845
-0.709511568326
-0.044048385941
0.703315771263
-0.697291293971
0.036369335311
0.715864598092
-0.684313635147
0.117554747915
0.719649727294
-0.663710780288
-0.182788079266
0.725311325024
-0.756004599524
0.003226660526
0.654558350463
-0.741875275941
0.083592368484
0.665306989951
-0.624601929918
0.149343542614
0.766530453030
-0.556223702048
-0.207256354440
0.804773258020
-0.493215887773
-0.181143477545
0.850837897952
-0.506914255164
0.121374261537
0.853408592966
-0.436471798086
0.146596028930
0.887694752591
-0.491353076784
0.201955897585
0.847222502867
-0.399667331738
0.010706678854
0.916597725815
-0.574290189489
0.097050626547
0.812878806553
-0.785355601952
-0.063188812615
0.615811458519
-0.811981365485
0.007729314169
0.583632178523
-0.607870108507
0.229670727251
0.760095578350
-0.541654007452
0.257738587038
0.800113590038
-0.560205439332
0.178046538157
0.808992766342
-0.499677596779
-0.263473489287
0.825169085534
0.177438156542
-0.980956264723
-0.078996881606
0.256207048169
-0.962080409563
-0.093590779482
0.205008630889
-0.965936934720
-0.157915481838
0.283528614204
-0.943940777840
-0.169077889916
0.234593682170
-0.943198615059
-0.235249180312
0.312854468685
-0.918542639644
-0.241664024175
0.154577223485
-0.962515398364
-0.222867651067
0.180417047494
-0.937690641269
-0.296961193173
0.100622394040
-0.953425539368
-0.284349915945
0.125985483210
-0.925392830522
-0.357457364224
0.125633061753
-0.981724422153
-0.142945768536
0.074783811631
-0.975403682974
-0.207352445750
0.020544831909
-0.963189206148
-0.268038174599
0.299581194907
-0.953765354195
-0.024140356154
0.334646197779
-0.937361895357
-0.096770860512
0.361090848025
-0.916553529828
-0.171880849520
0.390014738543
-0.888039262076
-0.243464109737
0.221425735325
-0.975129201163
-0.009679089557
0.410964245000
-0.906554036159
-0.096271329353
0.436394723814
-0.883350836856
-0.171029073707
0.343114410638
-0.886287435498
-0.311074079426
0.097677637064
-0.993232829095
-0.062830139469
0.045524926406
-0.990926675769
-0.126458706004
0.207071619515
-0.906372472942
-0.368253017210
0.152098352314
-0.891095375459
-0.427568851834
0.236684786747
-0.868686136761
-0.435160553730
0.045446728617
-0.938068257339
-0.343456750451
0.261942470681
-0.914787570695
-0.307489581213
0.413475416286
-0.910406153201
-0.014096678368
0.480419119250
-0.875770544198
-0.047153194728
0.371730160721
-0.847893136657
-0.378013116730
0.319827893867
-0.838486891996
-0.441191398665
0.292246476713
-0.879572209883
-0.375426057235
0.017519652196
-0.998832397576
-0.045021143253
0.980956264723
0.078996881606
0.177438156542
0.962080409563
0.093590779482
0.256207048169
0.965936934720
0.157915481838
0.205008630889
0.943940777840
0.169077889916
0.283528614204
0.943198615059
0.235249180312
0.234593682170
0.918542639644
0.241664024175
0.312854468685
0.962515398364
0.222867651067
0.154577223485
0.937690641269
0.296961193173
0.180417047494
0.953425539368
0.284349915945
0.100622394040
0.925392830522
0.357457364224
0.125985483210
0.981724422153
0.142945768536
0.125633061753
0.975403682974
0.207352445750
0.074783811631
0.963189206148
0.268038174599
0.020544831909
0.953765354195
0.024140356154
0.299581194907
0.937361895357
0.096770860512
0.334646197779
0.916553529828
0.171880849520
0.361090848025
0.888039262076
0.243464109737
0.390014738543
0.975129201163
0.009679089557
0.221425735325
0.906554036159
0.096271329353
0.410964245000
0.883350836856
0.171029073707
0.436394723814
0.886287435498
0.311074079426
0.343114410638
0.993232829095
0.062830139469
0.097677637064
0.990926675769
0.126458706004
0.045524926406
0.906372472942
0.368253017210
0.207071619515
0.891095375459
0.427568851834
0.152098352314
0.868686136761
0.435160553730
0.236684786747
0.938068257339
0.343456750451
0.045446728617
0.914787570695
0.307489581213
0.261942470681
0.910406153201
0.014096678368
0.413475416286
0.875770544198
0.047153194728
0.480419119250
0.847893136657
0.378013116730
0.371730160721
0.838486891996
0.441191398665
0.319827893867
0.879572209883
0.375426057235
0.292246476713
0.998832397576
0.045021143253
0.017519652196
0.322516269350
-0.327941415087
0.887940135525
0.244843207357
-0.349686189477
0.904307122995
0.268314433414
-0.273238935286
0.923768287540
0.190342980280
-0.296671162823
0.935818236095
0.209113037252
-0.218440657424
0.953181733373
0.131488447490
-0.244762217564
0.960625965207
0.287332206763
-0.194418509974
0.937892129158
0.231118807776
-0.139724215418
0.962840194590
0.307438586516
-0.114891977207
0.944606451965
0.250311617990
-0.059765770287
0.966318863834
0.345050257311
-0.250540505095
0.904527376720
0.363125037411
-0.171056567794
0.915903847475
0.382145133820
-0.091066811061
0.919604226078
0.227056618920
-0.424990342167
0.876258238688
0.168042646114
-0.378694583720
0.910138495696
0.113034028839
-0.324721512715
0.939031015198
0.053256532071
-0.272459990627
0.960692091827
0.305436414549
-0.404213814591
0.862159955438
0.091050482952
-0.407737584475
0.908548222034
0.035773780299
-0.352802355330
0.935013761779
0.069431151476
-0.193770868024
0.978586820834
0.398177965337
-0.304933991504
0.865141357667
0.419555009513
-0.226668403951
0.878973849806
0.171865336683
-0.085697357978
0.981385891932
0.190371494410
-0.005502323384
0.981696703954
0.108389047208
-0.034728889161
0.993501745697
0.326132980158
-0.034740049763
0.944685348778
0.150458368830
-0.164891844134
0.974768156531
0.116338324889
-0.476664228901
0.871353319296
0.034646901693
-0.472689805081
0.880547523065
0.006398073817
-0.142059433470
0.989837452319
0.024161604625
-0.062089306829
0.997778098998
0.087340706917
-0.114199938556
0.989611022043
0.471330204054
-0.280993141483
0.835996826062
0.609617237535
-0.150503258545
-0.778277323881
0.659394919452
-0.093479141308
-0.745962459070
0.600025366180
-0.068230304396
-0.797065985664
0.649101914846
-0.013142548618
-0.760587915733
0.588693588549
0.016153024746
-0.808194864246
0.637697611355
0.068092251121
-0.767271270027
0.537443408248
-0.039841286490
-0.842358151158
0.523039722772
0.040692832076
-0.851336327089
0.470249040101
-0.014269583168
-0.882418392420
0.454160411913
0.066219712923
-0.888455553121
0.548328821339
-0.124907443342
-0.826881874446
0.484127786439
-0.096272756163
-0.869684910079
0.415387370143
-0.070521979152
-0.906906821665
0.711789174671
-0.125409147260
-0.691106877845
0.709511568326
-0.044048385941
-0.703315771263
0.697291293971
0.036369335311
-0.715864598092
0.684313635147
0.117554747915
-0.719649727294
0.663710780288
-0.182788079266
-0.725311325024
0.756004599524
0.003226660526
-0.654558350463
0.741875275941
0.083592368484
-0.665306989951
0.624601929918
0.149343542614
-0.766530453030
0.556223702048
-0.207256354440
-0.804773258020
0.493215887773
-0.181143477545
-0.850837897952
0.506914255164
0.121374261537
-0.853408592966
0.436471798086
0.146596028930
-0.887694752591
0.491353076784
0.201955897585
-0.847222502867
0.399667331738
0.010706678854
-0.916597725815
0.574290189489
0.097050626547
-0.812878806553
0.785355601952
-0.063188812615
-0.615811458519
0.811981365485
0.007729314169
-0.583632178523
0.607870108507
0.229670727251
-0.760095578350
0.541654007452
0.257738587038
-0.800113590038
0.560205439332
0.178046538157
-0.808992766342
0.499677596779
-0.263473489287
-0.825169085534
-0.778277323881
-0.609617237535
0.150503258545
-0.745962459070
-0.659394919452
0.093479141308
-0.797065985664
-0.600025366180
0.068230304396
-0.760587915733
-0.649101914846
0.013142548618
-0.808194864246
-0.588693588549
-0.016153024746
-0.767271270027
-0.637697611355
-0.068092251121
-0.842358151158
-0.537443408248
0.039841286490
-0.851336327089
-0.523039722772
-0.040692832076
-0.882418392420
-0.470249040101
0.014269583168
-0.888455553121
-0.454160411913
-0.066219712923
-0.826881874446
-0.548328821339
0.124907443342
-0.869684910079
-0.484127786439
0.096272756163
-0.906906821665
-0.415387370143
0.070521979152
-0.691106877845
-0.711789174671
0.125409147260
-0.703315771263
-0.709511568326
0.044048385941
-0.715864598092
-0.697291293971
-0.036369335311
-0.719649727294
-0.684313635147
-0.117554747915
-0.725311325024
-0.663710780288
0.182788079266
-0.654558350463
-0.756004599524
-0.003226660526
-0.665306989951
-0.741875275941
-0.083592368484
-0.766530453030
-0.624601929918
-0.149343542614
-0.804773258020
-0.556223702048
0.207256354440
-0.850837897952
-0.493215887773
0.181143477545
-0.853408592966
-0.506914255164
-0.121374261537
-0.887694752591
-0.436471798086
-0.146596028930
-0.847222502867
-0.491353076784
-0.201955897585
-0.916597725815
-0.399667331738
-0.010706678854
-0.812878806553
-0.574290189489
-0.097050626547
-0.615811458519
-0.785355601952
0.063188812615
-0.583632178523
-0.811981365485
-0.007729314169
-0.760095578350
-0.607870108507
-0.229670727251
-0.800113590038
-0.541654007452
-0.257738587038
-0.808992766342
-0.560205439332
-0.178046538157
-0.825169085534
-0.499677596779
0.263473489287
0.699280442275
-0.658439995373
0.278322897989
0.652371679588
-0.717237202205
0.244912203543
0.639150503826
-0.697622501306
0.323742921360
0.591510025817
-0.753597797560
0.286716321249
0.572945683934
-0.734085577807
0.364488144824
0.525607245852
-0.787054192153
0.322928353852
0.619490500090
-0.675183191600
0.400448720910
0.554375133916
-0.706571833492
0.439800471818
0.598068476475
-0.645986952853
0.474357411865
0.530998188897
-0.675081212532
0.512158451921
0.683936105910
-0.636674164842
0.356198555381
0.662332464329
-0.612278645563
0.431776061036
0.638868647066
-0.581044072327
0.504216855936
0.666966521691
-0.726708735275
0.164469064018
0.606544910751
-0.769319249243
0.200626927370
0.543983748572
-0.803519500989
0.241739721228
0.476185617557
-0.834782730005
0.276378456680
0.715632235466
-0.669692786615
0.198449175150
0.558287021109
-0.815503553206
0.152543622510
0.494277916244
-0.847577056557
0.193138485838
0.455456373604
-0.816856284022
0.353984890916
0.741943118551
-0.595054863757
0.308917655619
0.724379191948
-0.571371666256
0.385757962033
0.485155575756
-0.734507136259
0.474471636768
0.460125900757
-0.700723881050
0.545224905868
0.412061949138
-0.760297089553
0.502148668913
0.573140975365
-0.611935277182
0.545018017040
0.505389225340
-0.764329201865
0.400477967042
0.601714780150
-0.794067828312
0.085997717344
0.536478983794
-0.841123642506
0.068566157579
0.382082461620
-0.841495062840
0.381967343812
0.358922191373
-0.814325287371
0.456124091546
0.433566709107
-0.792231502965
0.429405582711
0.780147942280
-0.527502193522
0.336319229283
-0.278322897989
-0.699280442275
-0.658439995373
-0.244912203543
-0.652371679588
-0.717237202205
-0.323742921360
-0.639150503826
-0.697622501306
-0.286716321249
-0.591510025817
-0.753597797560
-0.364488144824
-0.572945683934
-0.734085577807
-0.322928353852
-0.525607245852
-0.787054192153
-0.400448720910
-0.619490500090
-0.675183191600
-0.439800471818
-0.554375133916
-0.706571833492
-0.474357411865
-0.598068476475
-0.645986952853
-0.512158451921
-0.530998188897
-0.675081212532
-0.356198555381
-0.683936105910
-0.636674164842
-0.431776061036
-0.662332464329
-0.612278645563
-0.504216855936
-0.638868647066
-0.581044072327
-0.164469064018
-0.666966521691
-0.726708735275
-0.200626927370
-0.606544910751
-0.769319249243
-0.241739721228
-0.543983748572
-0.803519500989
-0.276378456680
-0.476185617557
-0.834782730005
-0.198449175150
-0.715632235466
-0.669692786615
-0.152543622510
-0.558287021109
-0.815503553206
-0.193138485838
-0.494277916244
-0.847577056557
-0.353984890916
-0.455456373604
-0.816856284022
-0.308917655619
-0.741943118551
-0.595054863757
-0.385757962033
-0.724379191948
-0.571371666256
-0.474471636768
-0.485155575756
-0.734507136259
-0.545224905868
-0.460125900757
-0.700723881050
-0.502148668913
-0.412061949138
-0.760297089553
-0.545018017040
-0.573140975365
-0.611935277182
-0.400477967042
-0.505389225340
-0.764329201865
-0.085997717344
-0.601714780150
-0.794067828312
-0.068566157579
-0.536478983794
-0.841123642506
-0.381967343812
-0.382082461620
-0.841495062840
-0.456124091546
-0.358922191373
-0.814325287371
-0.429405582711
-0.433566709107
-0.792231502965
-0.336319229283
-0.780147942280
-0.527502193522
0.278322897989
0.699280442275
-0.658439995373
0.244912203543
0.652371679588
-0.717237202205
0.323742921360
0.639150503826
-0.697622501306
0.286716321249
0.591510025817
-0.753597797560
0.364488144824
0.572945683934
-0.734085577807
0.322928353852
0.525607245852
-0.787054192153
0.400448720910
0.619490500090
-0.675183191600
0.439800471818
0.554375133916
-0.706571833492
0.474357411865
0.598068476475
-0.645986952853
0.512158451921
0.530998188897
-0.675081212532
0.356198555381
0.683936105910
-0.636674164842
0.431776061036
0.662332464329
-0.612278645563
0.504216855936
0.638868647066
-0.581044072327
0.164469064018
0.666966521691
-0.726708735275
0.200626927370
0.606544910751
-0.769319249243
0.241739721228
0.543983748572
-0.803519500989
0.276378456680
0.476185617557
-0.834782730005
0.198449175150
0.715632235466
-0.669692786615
0.152543622510
0.558287021109
-0.815503553206
0.193138485838
0.494277916244
-0.847577056557
0.353984890916
0.455456373604
-0.816856284022
0.308917655619
0.741943118551
-0.595054863757
0.385757962033
0.724379191948
-0.571371666256
0.474471636768
0.485155575756
-0.734507136259
0.545224905868
0.460125900757
-0.700723881050
0.502148668913
0.412061949138
-0.760297089553
0.545018017040
0.573140975365
-0.611935277182
0.400477967042
0.505389225340
-0.764329201865
0.085997717344
0.601714780150
-0.794067828312
0.068566157579
0.536478983794
-0.841123642506
0.381967343812
0.382082461620
-0.841495062840
0.456124091546
0.358922191373
-0.814325287371
0.429405582711
0.433566709107
-0.792231502965
0.336319229283
0.780147942280
-0.527502193522
-0.658439995373
-0.278322897989
-0.699280442275
-0.717237202205
-0.244912203543
-0.652371679588
-0.697622501306
-0.323742921360
-0.639150503826
-0.753597797560
-0.286716321249
-0.591510025817
-0.734085577807
-0.364488144824
-0.572945683934
-0.787054192153
-0.322928353852
-0.525607245852
-0.675183191600
-0.400448720910
-0.619490500090
-0.706571833492
-0.439800471818
-0.554375133916
-0.645986952853
-0.474357411865
-0.598068476475
-0.675081212532
-0.512158451921
-0.530998188897
-0.636674164842
-0.356198555381
-0.683936105910
-0.612278645563
-0.431776061036
-0.662332464329
-0.581044072327
-0.504216855936
-0.638868647066
-0.726708735275
-0.164469064018
-0.666966521691
-0.769319249243
-0.200626927370
-0.606544910751
-0.803519500989
-0.241739721228
-0.543983748572
-0.834782730005
-0.276378456680
-0.476185617557
-0.669692786615
-0.198449175150
-0.715632235466
-0.815503553206
-0.152543622510
-0.558287021109
-0.847577056557
-0.193138485838
-0.494277916244
-0.816856284022
-0.353984890916
-0.455456373604
-0.595054863757
-0.308917655619
-0.741943118551
-0.571371666256
-0.385757962033
-0.724379191948
-0.734507136259
-0.474471636768
-0.485155575756
-0.700723881050
-0.545224905868
-0.460125900757
-0.760297089553
-0.502148668913
-0.412061949138
-0.611935277182
-0.545018017040
-0.573140975365
-0.764329201865
-0.400477967042
-0.505389225340
-0.794067828312
-0.085997717344
-0.601714780150
-0.841123642506
-0.068566157579
-0.536478983794
-0.841495062840
-0.381967343812
-0.382082461620
-0.814325287371
-0.456124091546
-0.358922191373
-0.792231502965
-0.429405582711
-0.433566709107
-0.527502193522
-0.336319229283
-0.780147942280
-0.778277323881
0.609617237535
-0.150503258545
-0.745962459070
0.659394919452
-0.093479141308
-0.797065985664
0.600025366180
-0.068230304396
-0.760587915733
0.649101914846
-0.013142548618
-0.808194864246
0.588693588549
0.016153024746
-0.767271270027
0.637697611355
0.068092251121
-0.842358151158
0.537443408248
-0.039841286490
-0.851336327089
0.523039722772
0.040692832076
-0.882418392420
0.470249040101
-0.014269583168
-0.888455553121
0.454160411913
0.066219712923
-0.826881874446
0.548328821339
-0.124907443342
-0.869684910079
0.484127786439
-0.096272756163
-0.906906821665
0.415387370143
-0.070521979152
-0.691106877845
0.711789174671
-0.125409147260
-0.703315771263
0.709511568326
-0.044048385941
-0.715864598092
0.697291293971
0.036369335311
-0.719649727294
0.684313635147
0.117554747915
-0.725311325024
0.663710780288
-0.182788079266
-0.654558350463
0.756004599524
0.003226660526
-0.665306989951
0.741875275941
0.083592368484
-0.766530453030
0.624601929918
0.149343542614
-0.804773258020
0.556223702048
-0.207256354440
-0.850837897952
0.493215887773
-0.181143477545
-0.853408592966
0.506914255164
0.121374261537
-0.887694752591
0.436471798086
0.146596028930
-0.847222502867
0.491353076784
0.201955897585
-0.916597725815
0.399667331738
0.010706678854
-0.812878806553
0.574290189489
0.097050626547
-0.615811458519
0.785355601952
-0.063188812615
-0.583632178523
0.811981365485
0.007729314169
-0.760095578350
0.607870108507
0.229670727251
-0.800113590038
0.541654007452
0.257738587038
-0.808992766342
0.560205439332
0.178046538157
-0.825169085534
0.499677596779
-0.263473489287
-0.150503258545
0.778277323881
-0.609617237535
-0.093479141308
0.745962459070
-0.659394919452
-0.068230304396
0.797065985664
-0.600025366180
-0.013142548618
0.760587915733
-0.649101914846
0.016153024746
0.808194864246
-0.588693588549
0.068092251121
0.767271270027
-0.637697611355
-0.039841286490
0.842358151158
-0.537443408248
0.040692832076
0.851336327089
-0.523039722772
-0.014269583168
0.882418392420
-0.470249040101
0.066219712923
0.888455553121
-0.454160411913
-0.124907443342
0.826881874446
-0.548328821339
-0.096272756163
0.869684910079
-0.484127786439
-0.070521979152
0.906906821665
-0.415387370143
-0.125409147260
0.691106877845
-0.711789174671
-0.044048385941
0.703315771263
-0.709511568326
0.036369335311
0.715864598092
-0.697291293971
0.117554747915
0.719649727294
-0.684313635147
-0.182788079266
0.725311325024
-0.663710780288
0.003226660526
0.654558350463
-0.756004599524
0.083592368484
0.665306989951
-0.741875275941
0.149343542614
0.766530453030
-0.624601929918
-0.207256354440
0.804773258020
-0.556223702048
-0.181143477545
0.850837897952
-0.493215887773
0.121374261537
0.853408592966
-0.506914255164
0.146596028930
0.887694752591
-0.436471798086
0.201955897585
0.847222502867
-0.491353076784
0.010706678854
0.916597725815
-0.399667331738
0.097050626547
0.812878806553
-0.574290189489
-0.063188812615
0.615811458519
-0.785355601952
0.007729314169
0.583632178523
-0.811981365485
0.229670727251
0.760095578350
-0.607870108507
0.257738587038
0.800113590038
-0.541654007452
0.178046538157
0.808992766342
-0.560205439332
-0.263473489287
0.825169085534
-0.499677596779
0.371339027188
-0.455761054531
-0.808943253919
0.302685490111
-0.501119251712
-0.810716343513
0.365911568540
-0.528751552250
-0.765852805702
0.294838862994
-0.570244935454
-0.766740346178
0.354505026510
-0.599081826994
-0.717932553061
0.280845028288
-0.635782822537
-0.718961941032
0.425071990116
-0.555025944394
-0.715024478090
0.414650918497
-0.620217519312
-0.665879001417
0.483176499268
-0.574979805904
-0.660256536021
0.471232418610
-0.638143935131
-0.608861499610
0.433395600814
-0.481831617135
-0.761581608184
0.491275896535
-0.506559872667
-0.708551401725
0.547801836005
-0.524761687845
-0.651566051479
0.241976179524
-0.464050258925
-0.852117882534
0.227850327031
-0.535273125149
-0.813367635184
0.219262235858
-0.602830569253
-0.767150165679
0.203725626930
-0.666393195223
-0.717227982090
0.311418420875
-0.419874910475
-0.852480865881
0.150549436635
-0.563507867510
-0.812276892681
0.141475560915
-0.629533209652
-0.763984688072
0.261685505580
-0.697099301554
-0.667512741408
0.437009127047
-0.406595292683
-0.802311218197
0.497710787997
-0.431282888439
-0.752515143802
0.399458217778
-0.681543256283
-0.613132874722
0.454623577374
-0.697323258181
-0.554127852120
0.377333059976
-0.738833455659
-0.558341191967
0.538400925602
-0.590464745657
-0.601228598327
0.340497381206
-0.662420437723
-0.667278575318
0.125050551249
-0.499473133630
-0.857256640928
0.063789178713
-0.548985276830
-0.833394328336
0.240023028150
-0.753697504533
-0.611824335589
0.296832884544
-0.775951985413
-0.556586700333
0.319366770551
-0.721652059424
-0.614184964808
0.499154800797
-0.353838881479
-0.790975682809
-0.887940135525
-0.322516269350
-0.327941415087
-0.904307122995
-0.244843207357
-0.349686189477
-0.923768287540
-0.268314433414
-0.273238935286
-0.935818236095
-0.190342980280
-0.296671162823
-0.953181733373
-0.209113037252
-0.218440657424
-0.960625965207
-0.131488447490
-0.244762217564
-0.937892129158
-0.287332206763
-0.194418509974
-0.962840194590
-0.231118807776
-0.139724215418
-0.944606451965
-0.307438586516
-0.114891977207
-0.966318863834
-0.250311617990
-0.059765770287
-0.904527376720
-0.345050257311
-0.250540505095
-0.915903847475
-0.363125037411
-0.171056567794
-0.919604226078
-0.382145133820
-0.091066811061
-0.876258238688
-0.227056618920
-0.424990342167
-0.910138495696
-0.168042646114
-0.378694583720
-0.939031015198
-0.113034028839
-0.324721512715
-0.960692091827
-0.053256532071
-0.272459990627
-0.862159955438
-0.305436414549
-0.404213814591
-0.908548222034
-0.091050482952
-0.407737584475
-0.935013761779
-0.035773780299
-0.352802355330
-0.978586820834
-0.069431151476
-0.193770868024
-0.865141357667
-0.398177965337
-0.304933991504
-0.878973849806
-0.419555009513
-0.226668403951
-0.981385891932
-0.171865336683
-0.085697357978
-0.981696703954
-0.190371494410
-0.005502323384
-0.993501745697
-0.108389047208
-0.034728889161
-0.944685348778
-0.326132980158
-0.034740049763
-0.974768156531
-0.150458368830
-0.164891844134
-0.871353319296
-0.116338324889
-0.476664228901
-0.880547523065
-0.034646901693
-0.472689805081
-0.989837452319
-0.006398073817
-0.142059433470
-0.997778098998
-0.024161604625
-0.062089306829
-0.989611022043
-0.087340706917
-0.114199938556
-0.835996826062
-0.471330204054
-0.280993141483
-0.371339027188
0.455761054531
-0.808943253919
-0.302685490111
0.501119251712
-0.810716343513
-0.365911568540
0.528751552250
-0.765852805702
-0.294838862994
0.570244935454
-0.766740346178
-0.354505026510
0.599081826994
-0.717932553061
-0.280845028288
0.635782822537
-0.718961941032
-0.425071990116
0.555025944394
-0.715024478090
-0.414650918497
0.620217519312
-0.665879001417
-0.483176499268
0.574979805904
-0.660256536021
-0.471232418610
0.638143935131
-0.608861499610
-0.433395600814
0.481831617135
-0.761581608184
-0.491275896535
0.506559872667
-0.708551401725
-0.547801836005
0.524761687845
-0.651566051479
-0.241976179524
0.464050258925
-0.852117882534
-0.227850327031
0.535273125149
-0.813367635184
-0.219262235858
0.602830569253
-0.767150165679
-0.203725626930
0.666393195223
-0.717227982090
-0.311418420875
0.419874910475
-0.852480865881
-0.150549436635
0.563507867510
-0.812276892681
-0.141475560915
0.629533209652
-0.763984688072
-0.261685505580
0.697099301554
-0.667512741408
-0.437009127047
0.406595292683
-0.802311218197
-0.497710787997
0.431282888439
-0.752515143802
-0.399458217778
0.681543256283
-0.613132874722
-0.454623577374
0.697323258181
-0.554127852120
-0.377333059976
0.738833455659
-0.558341191967
-0.538400925602
0.590464745657
-0.601228598327
-0.340497381206
0.662420437723
-0.667278575318
-0.125050551249
0.499473133630
-0.857256640928
-0.063789178713
0.548985276830
-0.833394328336
-0.240023028150
0.753697504533
-0.611824335589
-0.296832884544
0.775951985413
-0.556586700333
-0.319366770551
0.721652059424
-0.614184964808
-0.499154800797
0.353838881479
-0.790975682809
0.887940135525
0.322516269350
-0.327941415087
0.904307122995
0.244843207357
-0.349686189477
0.923768287540
0.268314433414
-0.273238935286
0.935818236095
0.190342980280
-0.296671162823
0.953181733373
0.209113037252
-0.218440657424
0.960625965207
0.131488447490
-0.244762217564
0.937892129158
0.287332206763
-0.194418509974
0.962840194590
0.231118807776
-0.139724215418
0.944606451965
0.307438586516
-0.114891977207
0.966318863834
0.250311617990
-0.059765770287
0.904527376720
0.345050257311
-0.250540505095
0.915903847475
0.363125037411
-0.171056567794
0.919604226078
0.382145133820
-0.091066811061
0.876258238688
0.227056618920
-0.424990342167
0.910138495696
0.168042646114
-0.378694583720
0.939031015198
0.113034028839
-0.324721512715
0.960692091827
0.053256532071
-0.272459990627
0.862159955438
0.305436414549
-0.404213814591
0.908548222034
0.091050482952
-0.407737584475
0.935013761779
0.035773780299
-0.352802355330
0.978586820834
0.069431151476
-0.193770868024
0.865141357667
0.398177965337
-0.304933991504
0.878973849806
0.419555009513
-0.226668403951
0.981385891932
0.171865336683
-0.085697357978
0.981696703954
0.190371494410
-0.005502323384
0.993501745697
0.108389047208
-0.034728889161
0.944685348778
0.326132980158
-0.034740049763
0.974768156531
0.150458368830
-0.164891844134
0.871353319296
0.116338324889
-0.476664228901
0.880547523065
0.034646901693
-0.472689805081
0.989837452319
0.006398073817
-0.142059433470
0.997778098998
0.024161604625
-0.062089306829
0.989611022043
0.087340706917
-0.114199938556
0.835996826062
0.471330204054
-0.280993141483
0.150503258545
-0.778277323881
-0.609617237535
0.093479141308
-0.745962459070
-0.659394919452
0.068230304396
-0.797065985664
-0.600025366180
0.013142548618
-0.760587915733
-0.649101914846
-0.016153024746
-0.808194864246
-0.588693588549
-0.068092251121
-0.767271270027
-0.637697611355
0.039841286490
-0.842358151158
-0.537443408248
-0.040692832076
-0.851336327089
-0.523039722772
0.014269583168
-0.882418392420
-0.470249040101
-0.066219712923
-0.888455553121
-0.454160411913
0.124907443342
-0.826881874446
-0.548328821339
0.096272756163
-0.869684910079
-0.484127786439
0.070521979152
-0.906906821665
-0.415387370143
0.125409147260
-0.691106877845
-0.711789174671
0.044048385941
-0.703315771263
-0.709511568326
-0.036369335311
-0.715864598092
-0.697291293971
-0.117554747915
-0.719649727294
-0.684313635147
0.182788079266
-0.725311325024
-0.663710780288
-0.003226660526
-0.654558350463
-0.756004599524
-0.083592368484
-0.665306989951
-0.741875275941
-0.149343542614
-0.766530453030
-0.624601929918
0.207256354440
-0.804773258020
-0.556223702048
0.181143477545
-0.850837897952
-0.493215887773
-0.121374261537
-0.853408592966
-0.506914255164
-0.146596028930
-0.887694752591
-0.436471798086
-0.201955897585
-0.847222502867
-0.491353076784
-0.010706678854
-0.916597725815
-0.399667331738
-0.097050626547
-0.812878806553
-0.574290189489
0.063188812615
-0.615811458519
-0.785355601952
-0.007729314169
-0.583632178523
-0.811981365485
-0.229670727251
-0.760095578350
-0.607870108507
-0.257738587038
-0.800113590038
-0.541654007452
-0.178046538157
-0.808992766342
-0.560205439332
0.263473489287
-0.825169085534
-0.499677596779
0.658439995373
0.278322897989
-0.699280442275
0.717237202205
0.244912203543
-0.652371679588
0.697622501306
0.323742921360
-0.639150503826
0.753597797560
0.286716321249
-0.591510025817
0.734085577807
0.364488144824
-0.572945683934
0.787054192153
0.322928353852
-0.525607245852
0.675183191600
0.400448720910
-0.619490500090
0.706571833492
0.439800471818
-0.554375133916
0.645986952853
0.474357411865
-0.598068476475
0.675081212532
0.512158451921
-0.530998188897
0.636674164842
0.356198555381
-0.683936105910
0.612278645563
0.431776061036
-0.662332464329
0.581044072327
0.504216855936
-0.638868647066
0.726708735275
0.164469064018
-0.666966521691
0.769319249243
0.200626927370
-0.606544910751
0.803519500989
0.241739721228
-0.543983748572
0.834782730005
0.276378456680
-0.476185617557
0.669692786615
0.198449175150
-0.715632235466
0.815503553206
0.152543622510
-0.558287021109
0.847577056557
0.193138485838
-0.494277916244
0.816856284022
0.353984890916
-0.455456373604
0.595054863757
0.308917655619
-0.741943118551
0.571371666256
0.385757962033
-0.724379191948
0.734507136259
0.474471636768
-0.485155575756
0.700723881050
0.545224905868
-0.460125900757
0.760297089553
0.502148668913
-0.412061949138
0.611935277182
0.545018017040
-0.573140975365
0.764329201865
0.400477967042
-0.505389225340
0.794067828312
0.085997717344
-0.601714780150
0.841123642506
0.068566157579
-0.536478983794
0.841495062840
0.381967343812
-0.382082461620
0.814325287371
0.456124091546
-0.358922191373
0.792231502965
0.429405582711
-0.433566709107
0.527502193522
0.336319229283
-0.780147942280
-0.980956264723
0.078996881606
-0.177438156542
-0.962080409563
0.093590779482
-0.256207048169
-0.965936934720
0.157915481838
-0.205008630889
-0.943940777840
0.169077889916
-0.283528614204
-0.943198615059
0.235249180312
-0.234593682170
-0.918542639644
0.241664024175
-0.312854468685
-0.962515398364
0.222867651067
-0.154577223485
-0.937690641269
0.296961193173
-0.180417047494
-0.953425539368
0.284349915945
-0.100622394040
-0.925392830522
0.357457364224
-0.125985483210
-0.981724422153
0.142945768536
-0.125633061753
-0.975403682974
0.207352445750
-0.074783811631
-0.963189206148
0.268038174599
-0.020544831909
-0.953765354195
0.024140356154
-0.299581194907
-0.937361895357
0.096770860512
-0.334646197779
-0.916553529828
0.171880849520
-0.361090848025
-0.888039262076
0.243464109737
-0.390014738543
-0.975129201163
0.009679089557
-0.221425735325
-0.906554036159
0.096271329353
-0.410964245000
-0.883350836856
0.171029073707
-0.436394723814
-0.886287435498
0.311074079426
-0.343114410638
-0.993232829095
0.062830139469
-0.097677637064
-0.990926675769
0.126458706004
-0.045524926406
-0.906372472942
0.368253017210
-0.207071619515
-0.891095375459
0.427568851834
-0.152098352314
-0.868686136761
0.435160553730
-0.236684786747
-0.938068257339
0.343456750451
-0.045446728617
-0.914787570695
0.307489581213
-0.261942470681
-0.910406153201
0.014096678368
-0.413475416286
-0.875770544198
0.047153194728
-0.480419119250
-0.847893136657
0.378013116730
-0.371730160721
-0.838486891996
0.441191398665
-0.319827893867
-0.879572209883
0.375426057235
-0.292246476713
-0.998832397576
0.045021143253
-0.017519652196
0.078996881606
-0.177438156542
-0.980956264723
0.093590779482
-0.256207048169
-0.962080409563
0.157915481838
-0.205008630889
-0.965936934720
0.169077889916
-0.283528614204
-0.943940777840
0.235249180312
-0.234593682170
-0.943198615059
0.241664024175
-0.312854468685
-0.918542639644
0.222867651067
-0.154577223485
-0.962515398364
0.296961193173
-0.180417047494
-0.937690641269
0.284349915945
-0.100622394040
-0.953425539368
0.357457364224
-0.125985483210
-0.925392830522
0.142945768536
-0.125633061753
-0.981724422153
0.207352445750
-0.074783811631
-0.975403682974
0.268038174599
-0.020544831909
-0.963189206148
0.024140356154
-0.299581194907
-0.953765354195
0.096770860512
-0.334646197779
-0.937361895357
0.171880849520
-0.361090848025
-0.916553529828
0.243464109737
-0.390014738543
-0.888039262076
0.009679089557
-0.221425735325
-0.975129201163
0.096271329353
-0.410964245000
-0.906554036159
0.171029073707
-0.436394723814
-0.883350836856
0.311074079426
-0.343114410638
-0.886287435498
0.062830139469
-0.097677637064
-0.993232829095
0.126458706004
-0.045524926406
-0.990926675769
0.368253017210
-0.207071619515
-0.906372472942
0.427568851834
-0.152098352314
-0.891095375459
0.435160553730
-0.236684786747
-0.868686136761
0.343456750451
-0.045446728617
-0.938068257339
0.307489581213
-0.261942470681
-0.914787570695
0.014096678368
-0.413475416286
-0.910406153201
0.047153194728
-0.480419119250
-0.875770544198
0.378013116730
-0.371730160721
-0.847893136657
0.441191398665
-0.319827893867
-0.838486891996
0.375426057235
-0.292246476713
-0.879572209883
0.045021143253
-0.017519652196
-0.998832397576
0.455761054531
-0.808943253919
-0.371339027188
0.501119251712
-0.810716343513
-0.302685490111
0.528751552250
-0.765852805702
-0.365911568540
0.570244935454
-0.766740346178
-0.294838862994
0.599081826994
-0.717932553061
-0.354505026510
0.635782822537
-0.718961941032
-0.280845028288
0.555025944394
-0.715024478090
-0.425071990116
0.620217519312
-0.665879001417
-0.414650918497
0.574979805904
-0.660256536021
-0.483176499268
0.638143935131
-0.608861499610
-0.471232418610
0.481831617135
-0.761581608184
-0.433395600814
0.506559872667
-0.708551401725
-0.491275896535
0.524761687845
-0.651566051479
-0.547801836005
0.464050258925
-0.852117882534
-0.241976179524
0.535273125149
-0.813367635184
-0.227850327031
0.602830569253
-0.767150165679
-0.219262235858
0.666393195223
-0.717227982090
-0.203725626930
0.419874910475
-0.852480865881
-0.311418420875
0.563507867510
-0.812276892681
-0.150549436635
0.629533209652
-0.763984688072
-0.141475560915
0.697099301554
-0.667512741408
-0.261685505580
0.406595292683
-0.802311218197
-0.437009127047
0.431282888439
-0.752515143802
-0.497710787997
0.681543256283
-0.613132874722
-0.399458217778
0.697323258181
-0.554127852120
-0.454623577374
0.738833455659
-0.558341191967
-0.377333059976
0.590464745657
-0.601228598327
-0.538400925602
0.662420437723
-0.667278575318
-0.340497381206
0.499473133630
-0.857256640928
-0.125050551249
0.548985276830
-0.833394328336
-0.063789178713
0.753697504533
-0.611824335589
-0.240023028150
0.775951985413
-0.556586700333
-0.296832884544
0.721652059424
-0.614184964808
-0.319366770551
0.353838881479
-0.790975682809
-0.499154800797
-0.455761054531
-0.808943253919
0.371339027188
-0.501119251712
-0.810716343513
0.302685490111
-0.528751552250
-0.765852805702
0.365911568540
-0.570244935454
-0.766740346178
0.294838862994
-0.599081826994
-0.717932553061
0.354505026510
-0.635782822537
-0.718961941032
0.280845028288
-0.555025944394
-0.715024478090
0.425071990116
-0.620217519312
-0.665879001417
0.414650918497
-0.574979805904
-0.660256536021
0.483176499268
-0.638143935131
-0.608861499610
0.471232418610
-0.481831617135
-0.761581608184
0.433395600814
-0.506559872667
-0.708551401725
0.491275896535
-0.524761687845
-0.651566051479
0.547801836005
-0.464050258925
-0.852117882534
0.241976179524
-0.535273125149
-0.813367635184
0.227850327031
-0.602830569253
-0.767150165679
0.219262235858
-0.666393195223
-0.717227982090
0.203725626930
-0.419874910475
-0.852480865881
0.311418420875
-0.563507867510
-0.812276892681
0.150549436635
-0.629533209652
-0.763984688072
0.141475560915
-0.697099301554
-0.667512741408
0.261685505580
-0.406595292683
-0.802311218197
0.437009127047
-0.431282888439
-0.752515143802
0.497710787997
-0.681543256283
-0.613132874722
0.399458217778
-0.697323258181
-0.554127852120
0.454623577374
-0.738833455659
-0.558341191967
0.377333059976
-0.590464745657
-0.601228598327
0.538400925602
-0.662420437723
-0.667278575318
0.340497381206
-0.499473133630
-0.857256640928
0.125050551249
-0.548985276830
-0.833394328336
0.063789178713
-0.753697504533
-0.611824335589
0.240023028150
-0.775951985413
-0.556586700333
0.296832884544
-0.721652059424
-0.614184964808
0.319366770551
-0.353838881479
-0.790975682809
0.499154800797
-0.177438156542
-0.980956264723
0.078996881606
-0.256207048169
-0.962080409563
0.093590779482
-0.205008630889
-0.965936934720
0.157915481838
-0.283528614204
-0.943940777840
0.169077889916
-0.234593682170
-0.943198615059
0.235249180312
-0.312854468685
-0.918542639644
0.241664024175
-0.154577223485
-0.962515398364
0.222867651067
-0.180417047494
-0.937690641269
0.296961193173
-0.100622394040
-0.953425539368
0.284349915945
-0.125985483210
-0.925392830522
0.357457364224
-0.125633061753
-0.981724422153
0.142945768536
-0.074783811631
-0.975403682974
0.207352445750
-0.020544831909
-0.963189206148
0.268038174599
-0.299581194907
-0.953765354195
0.024140356154
-0.334646197779
-0.937361895357
0.096770860512
-0.361090848025
-0.916553529828
0.171880849520
-0.390014738543
-0.888039262076
0.243464109737
-0.221425735325
-0.975129201163
0.009679089557
-0.410964245000
-0.906554036159
0.096271329353
-0.436394723814
-0.883350836856
0.171029073707
-0.343114410638
-0.886287435498
0.311074079426
-0.097677637064
-0.993232829095
0.062830139469
-0.045524926406
-0.990926675769
0.126458706004
-0.207071619515
-0.906372472942
0.368253017210
-0.152098352314
-0.891095375459
0.427568851834
-0.236684786747
-0.868686136761
0.435160553730
-0.045446728617
-0.938068257339
0.343456750451
-0.261942470681
-0.914787570695
0.307489581213
-0.413475416286
-0.910406153201
0.014096678368
-0.480419119250
-0.875770544198
0.047153194728
-0.371730160721
-0.847893136657
0.378013116730
-0.319827893867
-0.838486891996
0.441191398665
-0.292246476713
-0.879572209883
0.375426057235
-0.017519652196
-0.998832397576
0.045021143253
0.177438156542
0.980956264723
0.078996881606
0.256207048169
0.962080409563
0.093590779482
0.205008630889
0.965936934720
0.157915481838
0.283528614204
0.943940777840
0.169077889916
0.234593682170
0.943198615059
0.235249180312
0.312854468685
0.918542639644
0.241664024175
0.154577223485
0.962515398364
0.222867651067
0.180417047494
0.937690641269
0.296961193173
0.100622394040
0.953425539368
0.284349915945
0.125985483210
0.925392830522
0.357457364224
0.125633061753
0.981724422153
0.142945768536
0.074783811631
0.975403682974
0.207352445750
0.020544831909
0.963189206148
0.268038174599
0.299581194907
0.953765354195
0.024140356154
0.334646197779
0.937361895357
0.096770860512
0.361090848025
0.916553529828
0.171880849520
0.390014738543
0.888039262076
0.243464109737
0.221425735325
0.975129201163
0.009679089557
0.410964245000
0.906554036159
0.096271329353
0.436394723814
0.883350836856
0.171029073707
0.343114410638
0.886287435498
0.311074079426
0.097677637064
0.993232829095
0.062830139469
0.045524926406
0.990926675769
0.126458706004
0.207071619515
0.906372472942
0.368253017210
0.152098352314
0.891095375459
0.427568851834
0.236684786747
0.868686136761
0.435160553730
0.045446728617
0.938068257339
0.343456750451
0.261942470681
0.914787570695
0.307489581213
0.413475416286
0.910406153201
0.014096678368
0.480419119250
0.875770544198
0.047153194728
0.371730160721
0.847893136657
0.378013116730
0.319827893867
0.838486891996
0.441191398665
0.292246476713
0.879572209883
0.375426057235
0.017519652196
0.998832397576
0.045021143253
-0.322516269350
-0.327941415087
-0.887940135525
-0.244843207357
-0.349686189477
-0.904307122995
-0.268314433414
-0.273238935286
-0.923768287540
-0.190342980280
-0.296671162823
-0.935818236095
-0.209113037252
-0.218440657424
-0.953181733373
-0.131488447490
-0.244762217564
-0.960625965207
-0.287332206763
-0.194418509974
-0.937892129158
-0.231118807776
-0.139724215418
-0.962840194590
-0.307438586516
-0.114891977207
-0.944606451965
-0.250311617990
-0.059765770287
-0.966318863834
-0.345050257311
-0.250540505095
-0.904527376720
-0.363125037411
-0.171056567794
-0.915903847475
-0.382145133820
-0.091066811061
-0.919604226078
-0.227056618920
-0.424990342167
-0.876258238688
-0.168042646114
-0.378694583720
-0.910138495696
-0.113034028839
-0.324721512715
-0.939031015198
-0.053256532071
-0.272459990627
-0.960692091827
-0.305436414549
-0.404213814591
-0.862159955438
-0.091050482952
-0.407737584475
-0.908548222034
-0.035773780299
-0.352802355330
-0.935013761779
-0.069431151476
-0.193770868024
-0.978586820834
-0.398177965337
-0.304933991504
-0.865141357667
-0.419555009513
-0.226668403951
-0.878973849806
-0.171865336683
-0.085697357978
-0.981385891932
-0.190371494410
-0.005502323384
-0.981696703954
-0.108389047208
-0.034728889161
-0.993501745697
-0.326132980158
-0.034740049763
-0.944685348778
-0.150458368830
-0.164891844134
-0.974768156531
-0.116338324889
-0.476664228901
-0.871353319296
-0.034646901693
-0.472689805081
-0.880547523065
-0.006398073817
-0.142059433470
-0.989837452319
-0.024161604625
-0.062089306829
-0.997778098998
-0.087340706917
-0.114199938556
-0.989611022043
-0.471330204054
-0.280993141483
-0.835996826062
0.778277323881
-0.609617237535
-0.150503258545
0.745962459070
-0.659394919452
-0.093479141308
0.797065985664
-0.600025366180
-0.068230304396
0.760587915733
-0.649101914846
-0.013142548618
0.808194864246
-0.588693588549
0.016153024746
0.767271270027
-0.637697611355
0.068092251121
0.842358151158
-0.537443408248
-0.039841286490
0.851336327089
-0.523039722772
0.040692832076
0.882418392420
-0.470249040101
-0.014269583168
0.888455553121
-0.454160411913
0.066219712923
0.826881874446
-0.548328821339
-0.124907443342
0.869684910079
-0.484127786439
-0.096272756163
0.906906821665
-0.415387370143
-0.070521979152
0.691106877845
-0.711789174671
-0.125409147260
0.703315771263
-0.709511568326
-0.044048385941
0.715864598092
-0.697291293971
0.036369335311
0.719649727294
-0.684313635147
0.117554747915
0.725311325024
-0.663710780288
-0.182788079266
0.654558350463
-0.756004599524
0.003226660526
0.665306989951
-0.741875275941
0.083592368484
0.766530453030
-0.624601929918
0.149343542614
0.804773258020
-0.556223702048
-0.207256354440
0.850837897952
-0.493215887773
-0.181143477545
0.853408592966
-0.506914255164
0.121374261537
0.887694752591
-0.436471798086
0.146596028930
0.847222502867
-0.491353076784
0.201955897585
0.916597725815
-0.399667331738
0.010706678854
0.812878806553
-0.574290189489
0.097050626547
0.615811458519
-0.785355601952
-0.063188812615
0.583632178523
-0.811981365485
0.007729314169
0.760095578350
-0.607870108507
0.229670727251
0.800113590038
-0.541654007452
0.257738587038
0.808992766342
-0.560205439332
0.178046538157
0.825169085534
-0.499677596779
-0.263473489287
