0.551233184058
0.805469657393
0.217624924611
0.627159662313
0.758919247578
0.175249346998
0.608531849001
0.745729982087
0.271248562331
0.665062558419
0.677386611459
0.314386978112
0.686262139665
0.693469977595
0.219416648951
0.716500076066
0.602180518549
0.352145231513
0.740315864371
0.620680324149
0.258240887884
0.468368146661
0.847051386003
0.251267245505
0.492914608087
0.855949672038
0.156158086801
0.558425063172
0.824727177584
0.089367395483
0.585089764984
0.724368041130
0.364638050539
0.639010757039
0.653098480319
0.406358988326
0.687757091010
0.575400200503
0.442611334046
0.608913718436
0.620331435599
0.494381425124
0.557629067559
0.694570072004
0.454557189020
0.503653454047
0.763544333388
0.404145084317
0.473734194227
0.730368502882
0.492074956910
0.416634425072
0.798261145269
0.434965400692
0.384857212790
0.761895508231
0.520960804956
0.788352536529
0.541467880427
0.292083571285
0.528627894316
0.654884191432
0.540073370168
0.529215500068
0.788912302797
0.312327285043
0.443090983744
0.827601411945
0.344595825673
0.525731112119
0.850650808352
0.000000000000
0.000000000000
0.525731112119
-0.850650808352
-0.525731112119
0.850650808352
0.000000000000
0.000000000000
0.525731112119
0.850650808352
0.850650808352
-0.000000000000
0.525731112119
-0.850650808352
-0.000000000000
0.525731112119
-0.000000000000
-0.525731112119
0.850650808352
-0.850650808352
-0.000000000000
-0.525731112119
-0.525731112119
-0.850650808352
0.000000000000
0.850650808352
-0.000000000000
-0.525731112119
0.525731112119
-0.850650808352
0.000000000000
0.000000000000
-0.525731112119
-0.850650808352
0.577350269190
0.577350269190
0.577350269190
0.356822089773
0.000000000000
-0.934172358963
-0.577350269190
0.577350269190
-0.577350269190
-0.356822089773
0.000000000000
0.934172358963
0.934172358963
0.356822089773
-0.000000000000
0.000000000000
0.934172358963
-0.356822089773
-0.577350269190
0.577350269190
0.577350269190
0.577350269190
-0.577350269190
0.577350269190
-0.934172358963
-0.356822089773
-0.000000000000
0.577350269190
0.577350269190
-0.577350269190
-0.000000000000
0.934172358963
0.356822089773
-0.577350269190
-0.577350269190
0.577350269190
0.934172358963
-0.356822089773
0.000000000000
0.356822089773
-0.000000000000
0.934172358963
-0.356822089773
-0.000000000000
-0.934172358963
-0.000000000000
-0.934172358963
-0.356822089773
0.577350269190
-0.577350269190
-0.577350269190
0.000000000000
-0.934172358963
0.356822089773
-0.934172358963
0.356822089773
0.000000000000
-0.577350269190
-0.577350269190
-0.577350269190
0.149349482969
0.372485757241
-0.915941642568
0.062718813678
0.332550901309
-0.940997475262
0.145622009805
0.279637264598
-0.948998013964
0.131137103596
0.185308158502
-0.973891136859
0.048674736184
0.239254008735
-0.969736195757
0.112725452662
0.089690957456
-0.989569858308
0.030564102991
0.144250303073
-0.989069100555
0.230848671797
0.414911626691
-0.880089332265
0.144380236977
0.462079796933
-0.875006633367
0.047941923699
0.449971770042
-0.891754998930
0.226295532081
0.222904349572
-0.948210938084
0.211064478272
0.127723091902
-0.969091635402
0.192009986163
0.031674244626
-0.980881699004
0.287199071156
0.066503273877
-0.955559526189
0.303563913086
0.162323539092
-0.938882324537
0.311081689358
0.260010322935
-0.914124069540
0.386926185080
0.198451135700
-0.900502789579
0.390253448426
0.299577014337
-0.870606603738
0.464476198199
0.236978592459
-0.853289521805
0.009447081643
0.048400600185
-0.998783327129
0.374984932017
0.096420752088
-0.922002895509
0.231857640009
0.318543234305
-0.919114923526
0.312981288148
0.360323049965
-0.878754808199
-0.551233184058
0.805469657393
-0.217624924611
-0.627159662313
0.758919247578
-0.175249346998
-0.608531849001
0.745729982087
-0.271248562331
-0.665062558419
0.677386611459
-0.314386978112
-0.686262139665
0.693469977595
-0.219416648951
-0.716500076066
0.602180518549
-0.352145231513
-0.740315864371
0.620680324149
-0.258240887884
-0.468368146661
0.847051386003
-0.251267245505
-0.492914608087
0.855949672038
-0.156158086801
-0.558425063172
0.824727177584
-0.089367395483
-0.585089764984
0.724368041130
-0.364638050539
-0.639010757039
0.653098480319
-0.406358988326
-0.687757091010
0.575400200503
-0.442611334046
-0.608913718436
0.620331435599
-0.494381425124
-0.557629067559
0.694570072004
-0.454557189020
-0.503653454047
0.763544333388
-0.404145084317
-0.473734194227
0.730368502882
-0.492074956910
-0.416634425072
0.798261145269
-0.434965400692
-0.384857212790
0.761895508231
-0.520960804956
-0.788352536529
0.541467880427
-0.292083571285
-0.528627894316
0.654884191432
-0.540073370168
-0.529215500068
0.788912302797
-0.312327285043
-0.443090983744
0.827601411945
-0.344595825673
-0.149349482969
0.372485757241
0.915941642568
-0.062718813678
0.332550901309
0.940997475262
-0.145622009805
0.279637264598
0.948998013964
-0.131137103596
0.185308158502
0.973891136859
-0.048674736184
0.239254008735
0.969736195757
-0.112725452662
0.089690957456
0.989569858308
-0.030564102991
0.144250303073
0.989069100555
-0.230848671797
0.414911626691
0.880089332265
-0.144380236977
0.462079796933
0.875006633367
-0.047941923699
0.449971770042
0.891754998930
-0.226295532081
0.222904349572
0.948210938084
-0.211064478272
0.127723091902
0.969091635402
-0.192009986163
0.031674244626
0.980881699004
-0.287199071156
0.066503273877
0.955559526189
-0.303563913086
0.162323539092
0.938882324537
-0.311081689358
0.260010322935
0.914124069540
-0.386926185080
0.198451135700
0.900502789579
-0.390253448426
0.299577014337
0.870606603738
-0.464476198199
0.236978592459
0.853289521805
-0.009447081643
0.048400600185
0.998783327129
-0.374984932017
0.096420752088
0.922002895509
-0.231857640009
0.318543234305
0.919114923526
-0.312981288148
0.360323049965
0.878754808199
0.700582667027
0.713166600716
0.024027615034
0.689878475991
0.720156888991
-0.073768174733
0.754153858806
0.655730630518
-0.035627200957
0.796199662015
0.596339424250
-0.102202687307
0.734936875848
0.663387336240
-0.140659271412
0.829225528728
0.532512357407
-0.169751617708
0.770879967362
0.601790669665
-0.208787130409
0.699216818458
0.704379060575
0.122253751720
0.637294845064
0.766717778282
0.077454043932
0.606366986871
0.795097439252
-0.011795733452
0.811385297065
0.584509710802
0.001515811870
0.850075235311
0.522653458929
-0.064849488664
0.879767077174
0.456731502874
-0.131932650254
0.896112789592
0.442832648087
-0.029683566457
0.861192980645
0.506957255959
0.036619540111
0.814735143404
0.571285276087
0.099195662342
0.860660379307
0.491234969365
0.133984761686
0.806887873498
0.557071249915
0.196477943088
0.849333410989
0.474833430778
0.230577470695
0.797799618172
0.535629262877
-0.276797872092
0.903612826333
0.423130758176
0.066664995105
0.761073140077
0.645616400721
0.062826257042
0.756072271892
0.634168338027
0.161818536393
-0.348458142207
0.930791525327
-0.110471985174
-0.406319076042
0.895406235989
-0.182078227684
-0.315264465555
0.926979192849
-0.203268031877
-0.287510845809
0.910726402362
-0.296504525401
-0.379913280148
0.882803985191
-0.276266218162
-0.259442575164
0.884657588920
-0.387389339759
-0.353037433481
0.860031557548
-0.368388776406
-0.292657874971
0.955646306080
-0.033037946262
-0.384625753001
0.922875865083
-0.019056961330
-0.461767503494
0.884464834735
-0.067027821346
-0.221388537702
0.949147761340
-0.223842896954
-0.192572580566
0.929012447255
-0.315993155083
-0.163606894881
0.899342836921
-0.405481498501
-0.096186840334
0.937214073211
-0.335228090590
-0.125703998981
0.961514444979
-0.244312252533
-0.160814660593
0.975430360404
-0.150579736152
-0.064466374014
0.983309926275
-0.170134286697
-0.103099071248
0.992036650606
-0.072345458470
-0.006401121763
0.995794235735
-0.091394013574
-0.325198472277
0.827712834162
-0.457315446702
-0.029755756983
0.963204128344
-0.267118704078
-0.255716977263
0.957943685764
-0.130202620729
-0.198504513571
0.978764163700
-0.051153396254
-0.202775041851
0.590110681853
0.781442042359
-0.220840586271
0.507800248307
0.832687422311
-0.293267383447
0.550885826929
0.781357183044
-0.377551712609
0.499695136614
0.779589298766
-0.306348859517
0.458670657686
0.834129249008
-0.457057500901
0.441836188969
0.771932136257
-0.387278430890
0.402491190956
0.829467454557
-0.175710271690
0.666178872196
0.724797634283
-0.108288855085
0.618237883734
0.778495628106
-0.096657559678
0.539339165525
0.836522911036
-0.363701227283
0.587542400110
0.722852229260
-0.446438176473
0.534082080228
0.717947968983
-0.524150196130
0.474285578673
0.707332850757
-0.512726878102
0.560884699002
0.650015002056
-0.431925068578
0.616880728112
0.657950531892
-0.342838793453
0.664155407252
0.664348671046
-0.409267820214
0.690526092610
0.596383741196
-0.313535353824
0.734542415029
0.601783202181
-0.378456091027
0.757939397415
0.531318037536
-0.463154064252
0.340484171470
0.818265752519
-0.498872137333
0.636494122255
0.588219196327
-0.273498522805
0.630870519348
0.726086045755
-0.244586470172
0.704918875638
0.665782875552
0.781442042359
-0.202775041851
0.590110681853
0.832687422311
-0.220840586271
0.507800248307
0.781357183044
-0.293267383447
0.550885826929
0.779589298766
-0.377551712609
0.499695136614
0.834129249008
-0.306348859517
0.458670657686
0.771932136257
-0.457057500901
0.441836188969
0.829467454557
-0.387278430890
0.402491190956
0.724797634283
-0.175710271690
0.666178872196
0.778495628106
-0.108288855085
0.618237883734
0.836522911036
-0.096657559678
0.539339165525
0.722852229260
-0.363701227283
0.587542400110
0.717947968983
-0.446438176473
0.534082080228
0.707332850757
-0.524150196130
0.474285578673
0.650015002056
-0.512726878102
0.560884699002
0.657950531892
-0.431925068578
0.616880728112
0.664348671046
-0.342838793453
0.664155407252
0.596383741196
-0.409267820214
0.690526092610
0.601783202181
-0.313535353824
0.734542415029
0.531318037536
-0.378456091027
0.757939397415
0.818265752519
-0.463154064252
0.340484171470
0.588219196327
-0.498872137333
0.636494122255
0.726086045755
-0.273498522805
0.630870519348
0.665782875552
-0.244586470172
0.704918875638
-0.930791525327
-0.110471985174
0.348458142207
-0.895406235989
-0.182078227684
0.406319076042
-0.926979192849
-0.203268031877
0.315264465555
-0.910726402362
-0.296504525401
0.287510845809
-0.882803985191
-0.276266218162
0.379913280148
-0.884657588920
-0.387389339759
0.259442575164
-0.860031557548
-0.368388776406
0.353037433481
-0.955646306080
-0.033037946262
0.292657874971
-0.922875865083
-0.019056961330
0.384625753001
-0.884464834735
-0.067027821346
0.461767503494
-0.949147761340
-0.223842896954
0.221388537702
-0.929012447255
-0.315993155083
0.192572580566
-0.899342836921
-0.405481498501
0.163606894881
-0.937214073211
-0.335228090590
0.096186840334
-0.961514444979
-0.244312252533
0.125703998981
-0.975430360404
-0.150579736152
0.160814660593
-0.983309926275
-0.170134286697
0.064466374014
-0.992036650606
-0.072345458470
0.103099071248
-0.995794235735
-0.091394013574
0.006401121763
-0.827712834162
-0.457315446702
0.325198472277
-0.963204128344
-0.267118704078
0.029755756983
-0.957943685764
-0.130202620729
0.255716977263
-0.978764163700
-0.051153396254
0.198504513571
0.590110681853
0.781442042359
-0.202775041851
0.507800248307
0.832687422311
-0.220840586271
0.550885826929
0.781357183044
-0.293267383447
0.499695136614
0.779589298766
-0.377551712609
0.458670657686
0.834129249008
-0.306348859517
0.441836188969
0.771932136257
-0.457057500901
0.402491190956
0.829467454557
-0.387278430890
0.666178872196
0.724797634283
-0.175710271690
0.618237883734
0.778495628106
-0.108288855085
0.539339165525
0.836522911036
-0.096657559678
0.587542400110
0.722852229260
-0.363701227283
0.534082080228
0.717947968983
-0.446438176473
0.474285578673
0.707332850757
-0.524150196130
0.560884699002
0.650015002056
-0.512726878102
0.616880728112
0.657950531892
-0.431925068578
0.664155407252
0.664348671046
-0.342838793453
0.690526092610
0.596383741196
-0.409267820214
0.734542415029
0.601783202181
-0.313535353824
0.757939397415
0.531318037536
-0.378456091027
0.340484171470
0.818265752519
-0.463154064252
0.636494122255
0.588219196327
-0.498872137333
0.630870519348
0.726086045755
-0.273498522805
0.704918875638
0.665782875552
-0.244586470172
0.024027615034
0.700582667027
0.713166600716
-0.073768174733
0.689878475991
0.720156888991
-0.035627200957
0.754153858806
0.655730630518
-0.102202687307
0.796199662015
0.596339424250
-0.140659271412
0.734936875848
0.663387336240
-0.169751617708
0.829225528728
0.532512357407
-0.208787130409
0.770879967362
0.601790669665
0.122253751720
0.699216818458
0.704379060575
0.077454043932
0.637294845064
0.766717778282
-0.011795733452
0.606366986871
0.795097439252
0.001515811870
0.811385297065
0.584509710802
-0.064849488664
0.850075235311
0.522653458929
-0.131932650254
0.879767077174
0.456731502874
-0.029683566457
0.896112789592
0.442832648087
0.036619540111
0.861192980645
0.506957255959
0.099195662342
0.814735143404
0.571285276087
0.133984761686
0.860660379307
0.491234969365
0.196477943088
0.806887873498
0.557071249915
0.230577470695
0.849333410989
0.474833430778
-0.276797872092
0.797799618172
0.535629262877
0.066664995105
0.903612826333
0.423130758176
0.062826257042
0.761073140077
0.645616400721
0.161818536393
0.756072271892
0.634168338027
-0.217624924611
-0.551233184058
0.805469657393
-0.175249346998
-0.627159662313
0.758919247578
-0.271248562331
-0.608531849001
0.745729982087
-0.314386978112
-0.665062558419
0.677386611459
-0.219416648951
-0.686262139665
0.693469977595
-0.352145231513
-0.716500076066
0.602180518549
-0.258240887884
-0.740315864371
0.620680324149
-0.251267245505
-0.468368146661
0.847051386003
-0.156158086801
-0.492914608087
0.855949672038
-0.089367395483
-0.558425063172
0.824727177584
-0.364638050539
-0.585089764984
0.724368041130
-0.406358988326
-0.639010757039
0.653098480319
-0.442611334046
-0.687757091010
0.575400200503
-0.494381425124
-0.608913718436
0.620331435599
-0.454557189020
-0.557629067559
0.694570072004
-0.404145084317
-0.503653454047
0.763544333388
-0.492074956910
-0.473734194227
0.730368502882
-0.434965400692
-0.416634425072
0.798261145269
-0.520960804956
-0.384857212790
0.761895508231
-0.292083571285
-0.788352536529
0.541467880427
-0.540073370168
-0.528627894316
0.654884191432
-0.312327285043
-0.529215500068
0.788912302797
-0.344595825673
-0.443090983744
0.827601411945
0.915941642568
-0.149349482969
0.372485757241
0.940997475262
-0.062718813678
0.332550901309
0.948998013964
-0.145622009805
0.279637264598
0.973891136859
-0.131137103596
0.185308158502
0.969736195757
-0.048674736184
0.239254008735
0.989569858308
-0.112725452662
0.089690957456
0.989069100555
-0.030564102991
0.144250303073
0.880089332265
-0.230848671797
0.414911626691
0.875006633367
-0.144380236977
0.462079796933
0.891754998930
-0.047941923699
0.449971770042
0.948210938084
-0.226295532081
0.222904349572
0.969091635402
-0.211064478272
0.127723091902
0.980881699004
-0.192009986163
0.031674244626
0.955559526189
-0.287199071156
0.066503273877
0.938882324537
-0.303563913086
0.162323539092
0.914124069540
-0.311081689358
0.260010322935
0.900502789579
-0.386926185080
0.198451135700
0.870606603738
-0.390253448426
0.299577014337
0.853289521805
-0.464476198199
0.236978592459
0.998783327129
-0.009447081643
0.048400600185
0.922002895509
-0.374984932017
0.096420752088
0.919114923526
-0.231857640009
0.318543234305
0.878754808199
-0.312981288148
0.360323049965
0.217624924611
0.551233184058
0.805469657393
0.175249346998
0.627159662313
0.758919247578
0.271248562331
0.608531849001
0.745729982087
0.314386978112
0.665062558419
0.677386611459
0.219416648951
0.686262139665
0.693469977595
0.352145231513
0.716500076066
0.602180518549
0.258240887884
0.740315864371
0.620680324149
0.251267245505
0.468368146661
0.847051386003
0.156158086801
0.492914608087
0.855949672038
0.089367395483
0.558425063172
0.824727177584
0.364638050539
0.585089764984
0.724368041130
0.406358988326
0.639010757039
0.653098480319
0.442611334046
0.687757091010
0.575400200503
0.494381425124
0.608913718436
0.620331435599
0.454557189020
0.557629067559
0.694570072004
0.404145084317
0.503653454047
0.763544333388
0.492074956910
0.473734194227
0.730368502882
0.434965400692
0.416634425072
0.798261145269
0.520960804956
0.384857212790
0.761895508231
0.292083571285
0.788352536529
0.541467880427
0.540073370168
0.528627894316
0.654884191432
0.312327285043
0.529215500068
0.788912302797
0.344595825673
0.443090983744
0.827601411945
-0.110471985174
-0.348458142207
0.930791525327
-0.182078227684
-0.406319076042
0.895406235989
-0.203268031877
-0.315264465555
0.926979192849
-0.296504525401
-0.287510845809
0.910726402362
-0.276266218162
-0.379913280148
0.882803985191
-0.387389339759
-0.259442575164
0.884657588920
-0.368388776406
-0.353037433481
0.860031557548
-0.033037946262
-0.292657874971
0.955646306080
-0.019056961330
-0.384625753001
0.922875865083
-0.067027821346
-0.461767503494
0.884464834735
-0.223842896954
-0.221388537702
0.949147761340
-0.315993155083
-0.192572580566
0.929012447255
-0.405481498501
-0.163606894881
0.899342836921
-0.335228090590
-0.096186840334
0.937214073211
-0.244312252533
-0.125703998981
0.961514444979
-0.150579736152
-0.160814660593
0.975430360404
-0.170134286697
-0.064466374014
0.983309926275
-0.072345458470
-0.103099071248
0.992036650606
-0.091394013574
-0.006401121763
0.995794235735
-0.457315446702
-0.325198472277
0.827712834162
-0.267118704078
-0.029755756983
0.963204128344
-0.130202620729
-0.255716977263
0.957943685764
-0.051153396254
-0.198504513571
0.978764163700
0.110471985174
0.348458142207
0.930791525327
0.182078227684
0.406319076042
0.895406235989
0.203268031877
0.315264465555
0.926979192849
0.296504525401
0.287510845809
0.910726402362
0.276266218162
0.379913280148
0.882803985191
0.387389339759
0.259442575164
0.884657588920
0.368388776406
0.353037433481
0.860031557548
0.033037946262
0.292657874971
0.955646306080
0.019056961330
0.384625753001
0.922875865083
0.067027821346
0.461767503494
0.884464834735
0.223842896954
0.221388537702
0.949147761340
0.315993155083
0.192572580566
0.929012447255
0.405481498501
0.163606894881
0.899342836921
0.335228090590
0.096186840334
0.937214073211
0.244312252533
0.125703998981
0.961514444979
0.150579736152
0.160814660593
0.975430360404
0.170134286697
0.064466374014
0.983309926275
0.072345458470
0.103099071248
0.992036650606
0.091394013574
0.006401121763
0.995794235735
0.457315446702
0.325198472277
0.827712834162
0.267118704078
0.029755756983
0.963204128344
0.130202620729
0.255716977263
0.957943685764
0.051153396254
0.198504513571
0.978764163700
-0.372485757241
0.915941642568
0.149349482969
-0.332550901309
0.940997475262
0.062718813678
-0.279637264598
0.948998013964
0.145622009805
-0.185308158502
0.973891136859
0.131137103596
-0.239254008735
0.969736195757
0.048674736184
-0.089690957456
0.989569858308
0.112725452662
-0.144250303073
0.989069100555
0.030564102991
-0.414911626691
0.880089332265
0.230848671797
-0.462079796933
0.875006633367
0.144380236977
-0.449971770042
0.891754998930
0.047941923699
-0.222904349572
0.948210938084
0.226295532081
-0.127723091902
0.969091635402
0.211064478272
-0.031674244626
0.980881699004
0.192009986163
-0.066503273877
0.955559526189
0.287199071156
-0.162323539092
0.938882324537
0.303563913086
-0.260010322935
0.914124069540
0.311081689358
-0.198451135700
0.900502789579
0.386926185080
-0.299577014337
0.870606603738
0.390253448426
-0.236978592459
0.853289521805
0.464476198199
-0.048400600185
0.998783327129
0.009447081643
-0.096420752088
0.922002895509
0.374984932017
-0.318543234305
0.919114923526
0.231857640009
-0.360323049965
0.878754808199
0.312981288148
-0.713166600716
0.024027615034
-0.700582667027
-0.720156888991
-0.073768174733
-0.689878475991
-0.655730630518
-0.035627200957
-0.754153858806
-0.596339424250
-0.102202687307
-0.796199662015
-0.663387336240
-0.140659271412
-0.734936875848
-0.532512357407
-0.169751617708
-0.829225528728
-0.601790669665
-0.208787130409
-0.770879967362
-0.704379060575
0.122253751720
-0.699216818458
-0.766717778282
0.077454043932
-0.637294845064
-0.795097439252
-0.011795733452
-0.606366986871
-0.584509710802
0.001515811870
-0.811385297065
-0.522653458929
-0.064849488664
-0.850075235311
-0.456731502874
-0.131932650254
-0.879767077174
-0.442832648087
-0.029683566457
-0.896112789592
-0.506957255959
0.036619540111
-0.861192980645
-0.571285276087
0.099195662342
-0.814735143404
-0.491234969365
0.133984761686
-0.860660379307
-0.557071249915
0.196477943088
-0.806887873498
-0.474833430778
0.230577470695
-0.849333410989
-0.535629262877
-0.276797872092
-0.797799618172
-0.423130758176
0.066664995105
-0.903612826333
-0.645616400721
0.062826257042
-0.761073140077
-0.634168338027
0.161818536393
-0.756072271892
-0.805469657393
-0.217624924611
0.551233184058
-0.758919247578
-0.175249346998
0.627159662313
-0.745729982087
-0.271248562331
0.608531849001
-0.677386611459
-0.314386978112
0.665062558419
-0.693469977595
-0.219416648951
0.686262139665
-0.602180518549
-0.352145231513
0.716500076066
-0.620680324149
-0.258240887884
0.740315864371
-0.847051386003
-0.251267245505
0.468368146661
-0.855949672038
-0.156158086801
0.492914608087
-0.824727177584
-0.089367395483
0.558425063172
-0.724368041130
-0.364638050539
0.585089764984
-0.653098480319
-0.406358988326
0.639010757039
-0.575400200503
-0.442611334046
0.687757091010
-0.620331435599
-0.494381425124
0.608913718436
-0.694570072004
-0.454557189020
0.557629067559
-0.763544333388
-0.404145084317
0.503653454047
-0.730368502882
-0.492074956910
0.473734194227
-0.798261145269
-0.434965400692
0.416634425072
-0.761895508231
-0.520960804956
0.384857212790
-0.541467880427
-0.292083571285
0.788352536529
-0.654884191432
-0.540073370168
0.528627894316
-0.788912302797
-0.312327285043
0.529215500068
-0.827601411945
-0.344595825673
0.443090983744
-0.590110681853
0.781442042359
0.202775041851
-0.507800248307
0.832687422311
0.220840586271
-0.550885826929
0.781357183044
0.293267383447
-0.499695136614
0.779589298766
0.377551712609
-0.458670657686
0.834129249008
0.306348859517
-0.441836188969
0.771932136257
0.457057500901
-0.402491190956
0.829467454557
0.387278430890
-0.666178872196
0.724797634283
0.175710271690
-0.618237883734
0.778495628106
0.108288855085
-0.539339165525
0.836522911036
0.096657559678
-0.587542400110
0.722852229260
0.363701227283
-0.534082080228
0.717947968983
0.446438176473
-0.474285578673
0.707332850757
0.524150196130
-0.560884699002
0.650015002056
0.512726878102
-0.616880728112
0.657950531892
0.431925068578
-0.664155407252
0.664348671046
0.342838793453
-0.690526092610
0.596383741196
0.409267820214
-0.734542415029
0.601783202181
0.313535353824
-0.757939397415
0.531318037536
0.378456091027
-0.340484171470
0.818265752519
0.463154064252
-0.636494122255
0.588219196327
0.498872137333
-0.630870519348
0.726086045755
0.273498522805
-0.704918875638
0.665782875552
0.244586470172
-0.805469657393
0.217624924611
-0.551233184058
-0.758919247578
0.175249346998
-0.627159662313
-0.745729982087
0.271248562331
-0.608531849001
-0.677386611459
0.314386978112
-0.665062558419
-0.693469977595
0.219416648951
-0.686262139665
-0.602180518549
0.352145231513
-0.716500076066
-0.620680324149
0.258240887884
-0.740315864371
-0.847051386003
0.251267245505
-0.468368146661
-0.855949672038
0.156158086801
-0.492914608087
-0.824727177584
0.089367395483
-0.558425063172
-0.724368041130
0.364638050539
-0.585089764984
-0.653098480319
0.406358988326
-0.639010757039
-0.575400200503
0.442611334046
-0.687757091010
-0.620331435599
0.494381425124
-0.608913718436
-0.694570072004
0.454557189020
-0.557629067559
-0.763544333388
0.404145084317
-0.503653454047
-0.730368502882
0.492074956910
-0.473734194227
-0.798261145269
0.434965400692
-0.416634425072
-0.761895508231
0.520960804956
-0.384857212790
-0.541467880427
0.292083571285
-0.788352536529
-0.654884191432
0.540073370168
-0.528627894316
-0.788912302797
0.312327285043
-0.529215500068
-0.827601411945
0.344595825673
-0.443090983744
-0.372485757241
-0.915941642568
-0.149349482969
-0.332550901309
-0.940997475262
-0.062718813678
-0.279637264598
-0.948998013964
-0.145622009805
-0.185308158502
-0.973891136859
-0.131137103596
-0.239254008735
-0.969736195757
-0.048674736184
-0.089690957456
-0.989569858308
-0.112725452662
-0.144250303073
-0.989069100555
-0.030564102991
-0.414911626691
-0.880089332265
-0.230848671797
-0.462079796933
-0.875006633367
-0.144380236977
-0.449971770042
-0.891754998930
-0.047941923699
-0.222904349572
-0.948210938084
-0.226295532081
-0.127723091902
-0.969091635402
-0.211064478272
-0.031674244626
-0.980881699004
-0.192009986163
-0.066503273877
-0.955559526189
-0.287199071156
-0.162323539092
-0.938882324537
-0.303563913086
-0.260010322935
-0.914124069540
-0.311081689358
-0.198451135700
-0.900502789579
-0.386926185080
-0.299577014337
-0.870606603738
-0.390253448426
-0.236978592459
-0.853289521805
-0.464476198199
-0.048400600185
-0.998783327129
-0.009447081643
-0.096420752088
-0.922002895509
-0.374984932017
-0.318543234305
-0.919114923526
-0.231857640009
-0.360323049965
-0.878754808199
-0.312981288148
0.713166600716
0.024027615034
0.700582667027
0.720156888991
-0.073768174733
0.689878475991
0.655730630518
-0.035627200957
0.754153858806
0.596339424250
-0.102202687307
0.796199662015
0.663387336240
-0.140659271412
0.734936875848
0.532512357407
-0.169751617708
0.829225528728
0.601790669665
-0.208787130409
0.770879967362
0.704379060575
0.122253751720
0.699216818458
0.766717778282
0.077454043932
0.637294845064
0.795097439252
-0.011795733452
0.606366986871
0.584509710802
0.001515811870
0.811385297065
0.522653458929
-0.064849488664
0.850075235311
0.456731502874
-0.131932650254
0.879767077174
0.442832648087
-0.029683566457
0.896112789592
0.506957255959
0.036619540111
0.861192980645
0.571285276087
0.099195662342
0.814735143404
0.491234969365
0.133984761686
0.860660379307
0.557071249915
0.196477943088
0.806887873498
0.474833430778
0.230577470695
0.849333410989
0.535629262877
-0.276797872092
0.797799618172
0.423130758176
0.066664995105
0.903612826333
0.645616400721
0.062826257042
0.761073140077
0.634168338027
0.161818536393
0.756072271892
0.805469657393
-0.217624924611
-0.551233184058
0.758919247578
-0.175249346998
-0.627159662313
0.745729982087
-0.271248562331
-0.608531849001
0.677386611459
-0.314386978112
-0.665062558419
0.693469977595
-0.219416648951
-0.686262139665
0.602180518549
-0.352145231513
-0.716500076066
0.620680324149
-0.258240887884
-0.740315864371
0.847051386003
-0.251267245505
-0.468368146661
0.855949672038
-0.156158086801
-0.492914608087
0.824727177584
-0.089367395483
-0.558425063172
0.724368041130
-0.364638050539
-0.585089764984
0.653098480319
-0.406358988326
-0.639010757039
0.575400200503
-0.442611334046
-0.687757091010
0.620331435599
-0.494381425124
-0.608913718436
0.694570072004
-0.454557189020
-0.557629067559
0.763544333388
-0.404145084317
-0.503653454047
0.730368502882
-0.492074956910
-0.473734194227
0.798261145269
-0.434965400692
-0.416634425072
0.761895508231
-0.520960804956
-0.384857212790
0.541467880427
-0.292083571285
-0.788352536529
0.654884191432
-0.540073370168
-0.528627894316
0.788912302797
-0.312327285043
-0.529215500068
0.827601411945
-0.344595825673
-0.443090983744
0.372485757241
0.915941642568
-0.149349482969
0.332550901309
0.940997475262
-0.062718813678
0.279637264598
0.948998013964
-0.145622009805
0.185308158502
0.973891136859
-0.131137103596
0.239254008735
0.969736195757
-0.048674736184
0.089690957456
0.989569858308
-0.112725452662
0.144250303073
0.989069100555
-0.030564102991
0.414911626691
0.880089332265
-0.230848671797
0.462079796933
0.875006633367
-0.144380236977
0.449971770042
0.891754998930
-0.047941923699
0.222904349572
0.948210938084
-0.226295532081
0.127723091902
0.969091635402
-0.211064478272
0.031674244626
0.980881699004
-0.192009986163
0.066503273877
0.955559526189
-0.287199071156
0.162323539092
0.938882324537
-0.303563913086
0.260010322935
0.914124069540
-0.311081689358
0.198451135700
0.900502789579
-0.386926185080
0.299577014337
0.870606603738
-0.390253448426
0.236978592459
0.853289521805
-0.464476198199
0.048400600185
0.998783327129
-0.009447081643
0.096420752088
0.922002895509
-0.374984932017
0.318543234305
0.919114923526
-0.231857640009
0.360323049965
0.878754808199
-0.312981288148
0.805469657393
0.217624924611
0.551233184058
0.758919247578
0.175249346998
0.627159662313
0.745729982087
0.271248562331
0.608531849001
0.677386611459
0.314386978112
0.665062558419
0.693469977595
0.219416648951
0.686262139665
0.602180518549
0.352145231513
0.716500076066
0.620680324149
0.258240887884
0.740315864371
0.847051386003
0.251267245505
0.468368146661
0.855949672038
0.156158086801
0.492914608087
0.824727177584
0.089367395483
0.558425063172
0.724368041130
0.364638050539
0.585089764984
0.653098480319
0.406358988326
0.639010757039
0.575400200503
0.442611334046
0.687757091010
0.620331435599
0.494381425124
0.608913718436
0.694570072004
0.454557189020
0.557629067559
0.763544333388
0.404145084317
0.503653454047
0.730368502882
0.492074956910
0.473734194227
0.798261145269
0.434965400692
0.416634425072
0.761895508231
0.520960804956
0.384857212790
0.541467880427
0.292083571285
0.788352536529
0.654884191432
0.540073370168
0.528627894316
0.788912302797
0.312327285043
0.529215500068
0.827601411945
0.344595825673
0.443090983744
0.930791525327
-0.110471985174
-0.348458142207
0.895406235989
-0.182078227684
-0.406319076042
0.926979192849
-0.203268031877
-0.315264465555
0.910726402362
-0.296504525401
-0.287510845809
0.882803985191
-0.276266218162
-0.379913280148
0.884657588920
-0.387389339759
-0.259442575164
0.860031557548
-0.368388776406
-0.353037433481
0.955646306080
-0.033037946262
-0.292657874971
0.922875865083
-0.019056961330
-0.384625753001
0.884464834735
-0.067027821346
-0.461767503494
0.949147761340
-0.223842896954
-0.221388537702
0.929012447255
-0.315993155083
-0.192572580566
0.899342836921
-0.405481498501
-0.163606894881
0.937214073211
-0.335228090590
-0.096186840334
0.961514444979
-0.244312252533
-0.125703998981
0.975430360404
-0.150579736152
-0.160814660593
0.983309926275
-0.170134286697
-0.064466374014
0.992036650606
-0.072345458470
-0.103099071248
0.995794235735
-0.091394013574
-0.006401121763
0.827712834162
-0.457315446702
-0.325198472277
0.963204128344
-0.267118704078
-0.029755756983
0.957943685764
-0.130202620729
-0.255716977263
0.978764163700
-0.051153396254
-0.198504513571
-0.110471985174
0.348458142207
-0.930791525327
-0.182078227684
0.406319076042
-0.895406235989
-0.203268031877
0.315264465555
-0.926979192849
-0.296504525401
0.287510845809
-0.910726402362
-0.276266218162
0.379913280148
-0.882803985191
-0.387389339759
0.259442575164
-0.884657588920
-0.368388776406
0.353037433481
-0.860031557548
-0.033037946262
0.292657874971
-0.955646306080
-0.019056961330
0.384625753001
-0.922875865083
-0.067027821346
0.461767503494
-0.884464834735
-0.223842896954
0.221388537702
-0.949147761340
-0.315993155083
0.192572580566
-0.929012447255
-0.405481498501
0.163606894881
-0.899342836921
-0.335228090590
0.096186840334
-0.937214073211
-0.244312252533
0.125703998981
-0.961514444979
-0.150579736152
0.160814660593
-0.975430360404
-0.170134286697
0.064466374014
-0.983309926275
-0.072345458470
0.103099071248
-0.992036650606
-0.091394013574
0.006401121763
-0.995794235735
-0.457315446702
0.325198472277
-0.827712834162
-0.267118704078
0.029755756983
-0.963204128344
-0.130202620729
0.255716977263
-0.957943685764
-0.051153396254
0.198504513571
-0.978764163700
0.372485757241
-0.915941642568
0.149349482969
0.332550901309
-0.940997475262
0.062718813678
0.279637264598
-0.948998013964
0.145622009805
0.185308158502
-0.973891136859
0.131137103596
0.239254008735
-0.969736195757
0.048674736184
0.089690957456
-0.989569858308
0.112725452662
0.144250303073
-0.989069100555
0.030564102991
0.414911626691
-0.880089332265
0.230848671797
0.462079796933
-0.875006633367
0.144380236977
0.449971770042
-0.891754998930
0.047941923699
0.222904349572
-0.948210938084
0.226295532081
0.127723091902
-0.969091635402
0.211064478272
0.031674244626
-0.980881699004
0.192009986163
0.066503273877
-0.955559526189
0.287199071156
0.162323539092
-0.938882324537
0.303563913086
0.260010322935
-0.914124069540
0.311081689358
0.198451135700
-0.900502789579
0.386926185080
0.299577014337
-0.870606603738
0.390253448426
0.236978592459
-0.853289521805
0.464476198199
0.048400600185
-0.998783327129
0.009447081643
0.096420752088
-0.922002895509
0.374984932017
0.318543234305
-0.919114923526
0.231857640009
0.360323049965
-0.878754808199
0.312981288148
-0.915941642568
0.149349482969
0.372485757241
-0.940997475262
0.062718813678
0.332550901309
-0.948998013964
0.145622009805
0.279637264598
-0.973891136859
0.131137103596
0.185308158502
-0.969736195757
0.048674736184
0.239254008735
-0.989569858308
0.112725452662
0.089690957456
-0.989069100555
0.030564102991
0.144250303073
-0.880089332265
0.230848671797
0.414911626691
-0.875006633367
0.144380236977
0.462079796933
-0.891754998930
0.047941923699
0.449971770042
-0.948210938084
0.226295532081
0.222904349572
-0.969091635402
0.211064478272
0.127723091902
-0.980881699004
0.192009986163
0.031674244626
-0.955559526189
0.287199071156
0.066503273877
-0.938882324537
0.303563913086
0.162323539092
-0.914124069540
0.311081689358
0.260010322935
-0.900502789579
0.386926185080
0.198451135700
-0.870606603738
0.390253448426
0.299577014337
-0.853289521805
0.464476198199
0.236978592459
-0.998783327129
0.009447081643
0.048400600185
-0.922002895509
0.374984932017
0.096420752088
-0.919114923526
0.231857640009
0.318543234305
-0.878754808199
0.312981288148
0.360323049965
-0.024027615034
-0.700582667027
0.713166600716
0.073768174733
-0.689878475991
0.720156888991
0.035627200957
-0.754153858806
0.655730630518
0.102202687307
-0.796199662015
0.596339424250
0.140659271412
-0.734936875848
0.663387336240
0.169751617708
-0.829225528728
0.532512357407
0.208787130409
-0.770879967362
0.601790669665
-0.122253751720
-0.699216818458
0.704379060575
-0.077454043932
-0.637294845064
0.766717778282
0.011795733452
-0.606366986871
0.795097439252
-0.001515811870
-0.811385297065
0.584509710802
0.064849488664
-0.850075235311
0.522653458929
0.131932650254
-0.879767077174
0.456731502874
0.029683566457
-0.896112789592
0.442832648087
-0.036619540111
-0.861192980645
0.506957255959
-0.099195662342
-0.814735143404
0.571285276087
-0.133984761686
-0.860660379307
0.491234969365
-0.196477943088
-0.806887873498
0.557071249915
-0.230577470695
-0.849333410989
0.474833430778
0.276797872092
-0.797799618172
0.535629262877
-0.066664995105
-0.903612826333
0.423130758176
-0.062826257042
-0.761073140077
0.645616400721
-0.161818536393
-0.756072271892
0.634168338027
-0.781442042359
0.202775041851
0.590110681853
-0.832687422311
0.220840586271
0.507800248307
-0.781357183044
0.293267383447
0.550885826929
-0.779589298766
0.377551712609
0.499695136614
-0.834129249008
0.306348859517
0.458670657686
-0.771932136257
0.457057500901
0.441836188969
-0.829467454557
0.387278430890
0.402491190956
-0.724797634283
0.175710271690
0.666178872196
-0.778495628106
0.108288855085
0.618237883734
-0.836522911036
0.096657559678
0.539339165525
-0.722852229260
0.363701227283
0.587542400110
-0.717947968983
0.446438176473
0.534082080228
-0.707332850757
0.524150196130
0.474285578673
-0.650015002056
0.512726878102
0.560884699002
-0.657950531892
0.431925068578
0.616880728112
-0.664348671046
0.342838793453
0.664155407252
-0.596383741196
0.409267820214
0.690526092610
-0.601783202181
0.313535353824
0.734542415029
-0.531318037536
0.378456091027
0.757939397415
-0.818265752519
0.463154064252
0.340484171470
-0.588219196327
0.498872137333
0.636494122255
-0.726086045755
0.273498522805
0.630870519348
-0.665782875552
0.244586470172
0.704918875638
-0.590110681853
-0.781442042359
-0.202775041851
-0.507800248307
-0.832687422311
-0.220840586271
-0.550885826929
-0.781357183044
-0.293267383447
-0.499695136614
-0.779589298766
-0.377551712609
-0.458670657686
-0.834129249008
-0.306348859517
-0.441836188969
-0.771932136257
-0.457057500901
-0.402491190956
-0.829467454557
-0.387278430890
-0.666178872196
-0.724797634283
-0.175710271690
-0.618237883734
-0.778495628106
-0.108288855085
-0.539339165525
-0.836522911036
-0.096657559678
-0.587542400110
-0.722852229260
-0.363701227283
-0.534082080228
-0.717947968983
-0.446438176473
-0.474285578673
-0.707332850757
-0.524150196130
-0.560884699002
-0.650015002056
-0.512726878102
-0.616880728112
-0.657950531892
-0.431925068578
-0.664155407252
-0.664348671046
-0.342838793453
-0.690526092610
-0.596383741196
-0.409267820214
-0.734542415029
-0.601783202181
-0.313535353824
-0.757939397415
-0.531318037536
-0.378456091027
-0.340484171470
-0.818265752519
-0.463154064252
-0.636494122255
-0.588219196327
-0.498872137333
-0.630870519348
-0.726086045755
-0.273498522805
-0.704918875638
-0.665782875552
-0.244586470172
0.202775041851
-0.590110681853
0.781442042359
0.220840586271
-0.507800248307
0.832687422311
0.293267383447
-0.550885826929
0.781357183044
0.377551712609
-0.499695136614
0.779589298766
0.306348859517
-0.458670657686
0.834129249008
0.457057500901
-0.441836188969
0.771932136257
0.387278430890
-0.402491190956
0.829467454557
0.175710271690
-0.666178872196
0.724797634283
0.108288855085
-0.618237883734
0.778495628106
0.096657559678
-0.539339165525
0.836522911036
0.363701227283
-0.587542400110
0.722852229260
0.446438176473
-0.534082080228
0.717947968983
0.524150196130
-0.474285578673
0.707332850757
0.512726878102
-0.560884699002
0.650015002056
0.431925068578
-0.616880728112
0.657950531892
0.342838793453
-0.664155407252
0.664348671046
0.409267820214
-0.690526092610
0.596383741196
0.313535353824
-0.734542415029
0.601783202181
0.378456091027
-0.757939397415
0.531318037536
0.463154064252
-0.340484171470
0.818265752519
0.498872137333
-0.636494122255
0.588219196327
0.273498522805
-0.630870519348
0.726086045755
0.244586470172
-0.704918875638
0.665782875552
-0.713166600716
-0.024027615034
0.700582667027
-0.720156888991
0.073768174733
0.689878475991
-0.655730630518
0.035627200957
0.754153858806
-0.596339424250
0.102202687307
0.796199662015
-0.663387336240
0.140659271412
0.734936875848
-0.532512357407
0.169751617708
0.829225528728
-0.601790669665
0.208787130409
0.770879967362
-0.704379060575
-0.122253751720
0.699216818458
-0.766717778282
-0.077454043932
0.637294845064
-0.795097439252
0.011795733452
0.606366986871
-0.584509710802
-0.001515811870
0.811385297065
-0.522653458929
0.064849488664
0.850075235311
-0.456731502874
0.131932650254
0.879767077174
-0.442832648087
0.029683566457
0.896112789592
-0.506957255959
-0.036619540111
0.861192980645
-0.571285276087
-0.099195662342
0.814735143404
-0.491234969365
-0.133984761686
0.860660379307
-0.557071249915
-0.196477943088
0.806887873498
-0.474833430778
-0.230577470695
0.849333410989
-0.535629262877
0.276797872092
0.797799618172
-0.423130758176
-0.066664995105
0.903612826333
-0.645616400721
-0.062826257042
0.761073140077
-0.634168338027
-0.161818536393
0.756072271892
0.348458142207
-0.930791525327
-0.110471985174
0.406319076042
-0.895406235989
-0.182078227684
0.315264465555
-0.926979192849
-0.203268031877
0.287510845809
-0.910726402362
-0.296504525401
0.379913280148
-0.882803985191
-0.276266218162
0.259442575164
-0.884657588920
-0.387389339759
0.353037433481
-0.860031557548
-0.368388776406
0.292657874971
-0.955646306080
-0.033037946262
0.384625753001
-0.922875865083
-0.019056961330
0.461767503494
-0.884464834735
-0.067027821346
0.221388537702
-0.949147761340
-0.223842896954
0.192572580566
-0.929012447255
-0.315993155083
0.163606894881
-0.899342836921
-0.405481498501
0.096186840334
-0.937214073211
-0.335228090590
0.125703998981
-0.961514444979
-0.244312252533
0.160814660593
-0.975430360404
-0.150579736152
0.064466374014
-0.983309926275
-0.170134286697
0.103099071248
-0.992036650606
-0.072345458470
0.006401121763
-0.995794235735
-0.091394013574
0.325198472277
-0.827712834162
-0.457315446702
0.029755756983
-0.963204128344
-0.267118704078
0.255716977263
-0.957943685764
-0.130202620729
0.198504513571
-0.978764163700
-0.051153396254
0.930791525327
0.110471985174
0.348458142207
0.895406235989
0.182078227684
0.406319076042
0.926979192849
0.203268031877
0.315264465555
0.910726402362
0.296504525401
0.287510845809
0.882803985191
0.276266218162
0.379913280148
0.884657588920
0.387389339759
0.259442575164
0.860031557548
0.368388776406
0.353037433481
0.955646306080
0.033037946262
0.292657874971
0.922875865083
0.019056961330
0.384625753001
0.884464834735
0.067027821346
0.461767503494
0.949147761340
0.223842896954
0.221388537702
0.929012447255
0.315993155083
0.192572580566
0.899342836921
0.405481498501
0.163606894881
0.937214073211
0.335228090590
0.096186840334
0.961514444979
0.244312252533
0.125703998981
0.975430360404
0.150579736152
0.160814660593
0.983309926275
0.170134286697
0.064466374014
0.992036650606
0.072345458470
0.103099071248
0.995794235735
0.091394013574
0.006401121763
0.827712834162
0.457315446702
0.325198472277
0.963204128344
0.267118704078
0.029755756983
0.957943685764
0.130202620729
0.255716977263
0.978764163700
0.051153396254
0.198504513571
0.149349482969
-0.372485757241
0.915941642568
0.062718813678
-0.332550901309
0.940997475262
0.145622009805
-0.279637264598
0.948998013964
0.131137103596
-0.185308158502
0.973891136859
0.048674736184
-0.239254008735
0.969736195757
0.112725452662
-0.089690957456
0.989569858308
0.030564102991
-0.144250303073
0.989069100555
0.230848671797
-0.414911626691
0.880089332265
0.144380236977
-0.462079796933
0.875006633367
0.047941923699
-0.449971770042
0.891754998930
0.226295532081
-0.222904349572
0.948210938084
0.211064478272
-0.127723091902
0.969091635402
0.192009986163
-0.031674244626
0.980881699004
0.287199071156
-0.066503273877
0.955559526189
0.303563913086
-0.162323539092
0.938882324537
0.311081689358
-0.260010322935
0.914124069540
0.386926185080
-0.198451135700
0.900502789579
0.390253448426
-0.299577014337
0.870606603738
0.464476198199
-0.236978592459
0.853289521805
0.009447081643
-0.048400600185
0.998783327129
0.374984932017
-0.096420752088
0.922002895509
0.231857640009
-0.318543234305
0.919114923526
0.312981288148
-0.360323049965
0.878754808199
0.713166600716
-0.024027615034
-0.700582667027
0.720156888991
0.073768174733
-0.689878475991
0.655730630518
0.035627200957
-0.754153858806
0.596339424250
0.102202687307
-0.796199662015
0.663387336240
0.140659271412
-0.734936875848
0.532512357407
0.169751617708
-0.829225528728
0.601790669665
0.208787130409
-0.770879967362
0.704379060575
-0.122253751720
-0.699216818458
0.766717778282
-0.077454043932
-0.637294845064
0.795097439252
0.011795733452
-0.606366986871
0.584509710802
-0.001515811870
-0.811385297065
0.522653458929
0.064849488664
-0.850075235311
0.456731502874
0.131932650254
-0.879767077174
0.442832648087
0.029683566457
-0.896112789592
0.506957255959
-0.036619540111
-0.861192980645
0.571285276087
-0.099195662342
-0.814735143404
0.491234969365
-0.133984761686
-0.860660379307
0.557071249915
-0.196477943088
-0.806887873498
0.474833430778
-0.230577470695
-0.849333410989
0.535629262877
0.276797872092
-0.797799618172
0.423130758176
-0.066664995105
-0.903612826333
0.645616400721
-0.062826257042
-0.761073140077
0.634168338027
-0.161818536393
-0.756072271892
-0.700582667027
-0.713166600716
0.024027615034
-0.689878475991
-0.720156888991
-0.073768174733
-0.754153858806
-0.655730630518
-0.035627200957
-0.796199662015
-0.596339424250
-0.102202687307
-0.734936875848
-0.663387336240
-0.140659271412
-0.829225528728
-0.532512357407
-0.169751617708
-0.770879967362
-0.601790669665
-0.208787130409
-0.699216818458
-0.704379060575
0.122253751720
-0.637294845064
-0.766717778282
0.077454043932
-0.606366986871
-0.795097439252
-0.011795733452
-0.811385297065
-0.584509710802
0.001515811870
-0.850075235311
-0.522653458929
-0.064849488664
-0.879767077174
-0.456731502874
-0.131932650254
-0.896112789592
-0.442832648087
-0.029683566457
-0.861192980645
-0.506957255959
0.036619540111
-0.814735143404
-0.571285276087
0.099195662342
-0.860660379307
-0.491234969365
0.133984761686
-0.806887873498
-0.557071249915
0.196477943088
-0.849333410989
-0.474833430778
0.230577470695
-0.797799618172
-0.535629262877
-0.276797872092
-0.903612826333
-0.423130758176
0.066664995105
-0.761073140077
-0.645616400721
0.062826257042
-0.756072271892
-0.634168338027
0.161818536393
0.590110681853
-0.781442042359
0.202775041851
0.507800248307
-0.832687422311
0.220840586271
0.550885826929
-0.781357183044
0.293267383447
0.499695136614
-0.779589298766
0.377551712609
0.458670657686
-0.834129249008
0.306348859517
0.441836188969
-0.771932136257
0.457057500901
0.402491190956
-0.829467454557
0.387278430890
0.666178872196
-0.724797634283
0.175710271690
0.618237883734
-0.778495628106
0.108288855085
0.539339165525
-0.836522911036
0.096657559678
0.587542400110
-0.722852229260
0.363701227283
0.534082080228
-0.717947968983
0.446438176473
0.474285578673
-0.707332850757
0.524150196130
0.560884699002
-0.650015002056
0.512726878102
0.616880728112
-0.657950531892
0.431925068578
0.664155407252
-0.664348671046
0.342838793453
0.690526092610
-0.596383741196
0.409267820214
0.734542415029
-0.601783202181
0.313535353824
0.757939397415
-0.531318037536
0.378456091027
0.340484171470
-0.818265752519
0.463154064252
0.636494122255
-0.588219196327
0.498872137333
0.630870519348
-0.726086045755
0.273498522805
0.704918875638
-0.665782875552
0.244586470172
-0.202775041851
-0.590110681853
-0.781442042359
-0.220840586271
-0.507800248307
-0.832687422311
-0.293267383447
-0.550885826929
-0.781357183044
-0.377551712609
-0.499695136614
-0.779589298766
-0.306348859517
-0.458670657686
-0.834129249008
-0.457057500901
-0.441836188969
-0.771932136257
-0.387278430890
-0.402491190956
-0.829467454557
-0.175710271690
-0.666178872196
-0.724797634283
-0.108288855085
-0.618237883734
-0.778495628106
-0.096657559678
-0.539339165525
-0.836522911036
-0.363701227283
-0.587542400110
-0.722852229260
-0.446438176473
-0.534082080228
-0.717947968983
-0.524150196130
-0.474285578673
-0.707332850757
-0.512726878102
-0.560884699002
-0.650015002056
-0.431925068578
-0.616880728112
-0.657950531892
-0.342838793453
-0.664155407252
-0.664348671046
-0.409267820214
-0.690526092610
-0.596383741196
-0.313535353824
-0.734542415029
-0.601783202181
-0.378456091027
-0.757939397415
-0.531318037536
-0.463154064252
-0.340484171470
-0.818265752519
-0.498872137333
-0.636494122255
-0.588219196327
-0.273498522805
-0.630870519348
-0.726086045755
-0.244586470172
-0.704918875638
-0.665782875552
0.202775041851
0.590110681853
-0.781442042359
0.220840586271
0.507800248307
-0.832687422311
0.293267383447
0.550885826929
-0.781357183044
0.377551712609
0.499695136614
-0.779589298766
0.306348859517
0.458670657686
-0.834129249008
0.457057500901
0.441836188969
-0.771932136257
0.387278430890
0.402491190956
-0.829467454557
0.175710271690
0.666178872196
-0.724797634283
0.108288855085
0.618237883734
-0.778495628106
0.096657559678
0.539339165525
-0.836522911036
0.363701227283
0.587542400110
-0.722852229260
0.446438176473
0.534082080228
-0.717947968983
0.524150196130
0.474285578673
-0.707332850757
0.512726878102
0.560884699002
-0.650015002056
0.431925068578
0.616880728112
-0.657950531892
0.342838793453
0.664155407252
-0.664348671046
0.409267820214
0.690526092610
-0.596383741196
0.313535353824
0.734542415029
-0.601783202181
0.378456091027
0.757939397415
-0.531318037536
0.463154064252
0.340484171470
-0.818265752519
0.498872137333
0.636494122255
-0.588219196327
0.273498522805
0.630870519348
-0.726086045755
0.244586470172
0.704918875638
-0.665782875552
-0.781442042359
-0.202775041851
-0.590110681853
-0.832687422311
-0.220840586271
-0.507800248307
-0.781357183044
-0.293267383447
-0.550885826929
-0.779589298766
-0.377551712609
-0.499695136614
-0.834129249008
-0.306348859517
-0.458670657686
-0.771932136257
-0.457057500901
-0.441836188969
-0.829467454557
-0.387278430890
-0.402491190956
-0.724797634283
-0.175710271690
-0.666178872196
-0.778495628106
-0.108288855085
-0.618237883734
-0.836522911036
-0.096657559678
-0.539339165525
-0.722852229260
-0.363701227283
-0.587542400110
-0.717947968983
-0.446438176473
-0.534082080228
-0.707332850757
-0.524150196130
-0.474285578673
-0.650015002056
-0.512726878102
-0.560884699002
-0.657950531892
-0.431925068578
-0.616880728112
-0.664348671046
-0.342838793453
-0.664155407252
-0.596383741196
-0.409267820214
-0.690526092610
-0.601783202181
-0.313535353824
-0.734542415029
-0.531318037536
-0.378456091027
-0.757939397415
-0.818265752519
-0.463154064252
-0.340484171470
-0.588219196327
-0.498872137333
-0.636494122255
-0.726086045755
-0.273498522805
-0.630870519348
-0.665782875552
-0.244586470172
-0.704918875638
-0.700582667027
0.713166600716
-0.024027615034
-0.689878475991
0.720156888991
0.073768174733
-0.754153858806
0.655730630518
0.035627200957
-0.796199662015
0.596339424250
0.102202687307
-0.734936875848
0.663387336240
0.140659271412
-0.829225528728
0.532512357407
0.169751617708
-0.770879967362
0.601790669665
0.208787130409
-0.699216818458
0.704379060575
-0.122253751720
-0.637294845064
0.766717778282
-0.077454043932
-0.606366986871
0.795097439252
0.011795733452
-0.811385297065
0.584509710802
-0.001515811870
-0.850075235311
0.522653458929
0.064849488664
-0.879767077174
0.456731502874
0.131932650254
-0.896112789592
0.442832648087
0.029683566457
-0.861192980645
0.506957255959
-0.036619540111
-0.814735143404
0.571285276087
-0.099195662342
-0.860660379307
0.491234969365
-0.133984761686
-0.806887873498
0.557071249915
-0.196477943088
-0.849333410989
0.474833430778
-0.230577470695
-0.797799618172
0.535629262877
0.276797872092
-0.903612826333
0.423130758176
-0.066664995105
-0.761073140077
0.645616400721
-0.062826257042
-0.756072271892
0.634168338027
-0.161818536393
-0.024027615034
0.700582667027
-0.713166600716
0.073768174733
0.689878475991
-0.720156888991
0.035627200957
0.754153858806
-0.655730630518
0.102202687307
0.796199662015
-0.596339424250
0.140659271412
0.734936875848
-0.663387336240
0.169751617708
0.829225528728
-0.532512357407
0.208787130409
0.770879967362
-0.601790669665
-0.122253751720
0.699216818458
-0.704379060575
-0.077454043932
0.637294845064
-0.766717778282
0.011795733452
0.606366986871
-0.795097439252
-0.001515811870
0.811385297065
-0.584509710802
0.064849488664
0.850075235311
-0.522653458929
0.131932650254
0.879767077174
-0.456731502874
0.029683566457
0.896112789592
-0.442832648087
-0.036619540111
0.861192980645
-0.506957255959
-0.099195662342
0.814735143404
-0.571285276087
-0.133984761686
0.860660379307
-0.491234969365
-0.196477943088
0.806887873498
-0.557071249915
-0.230577470695
0.849333410989
-0.474833430778
0.276797872092
0.797799618172
-0.535629262877
-0.066664995105
0.903612826333
-0.423130758176
-0.062826257042
0.761073140077
-0.645616400721
-0.161818536393
0.756072271892
-0.634168338027
0.217624924611
-0.551233184058
-0.805469657393
0.175249346998
-0.627159662313
-0.758919247578
0.271248562331
-0.608531849001
-0.745729982087
0.314386978112
-0.665062558419
-0.677386611459
0.219416648951
-0.686262139665
-0.693469977595
0.352145231513
-0.716500076066
-0.602180518549
0.258240887884
-0.740315864371
-0.620680324149
0.251267245505
-0.468368146661
-0.847051386003
0.156158086801
-0.492914608087
-0.855949672038
0.089367395483
-0.558425063172
-0.824727177584
0.364638050539
-0.585089764984
-0.724368041130
0.406358988326
-0.639010757039
-0.653098480319
0.442611334046
-0.687757091010
-0.575400200503
0.494381425124
-0.608913718436
-0.620331435599
0.454557189020
-0.557629067559
-0.694570072004
0.404145084317
-0.503653454047
-0.763544333388
0.492074956910
-0.473734194227
-0.730368502882
0.434965400692
-0.416634425072
-0.798261145269
0.520960804956
-0.384857212790
-0.761895508231
0.292083571285
-0.788352536529
-0.541467880427
0.540073370168
-0.528627894316
-0.654884191432
0.312327285043
-0.529215500068
-0.788912302797
0.344595825673
-0.443090983744
-0.827601411945
-0.915941642568
-0.149349482969
-0.372485757241
-0.940997475262
-0.062718813678
-0.332550901309
-0.948998013964
-0.145622009805
-0.279637264598
-0.973891136859
-0.131137103596
-0.185308158502
-0.969736195757
-0.048674736184
-0.239254008735
-0.989569858308
-0.112725452662
-0.089690957456
-0.989069100555
-0.030564102991
-0.144250303073
-0.880089332265
-0.230848671797
-0.414911626691
-0.875006633367
-0.144380236977
-0.462079796933
-0.891754998930
-0.047941923699
-0.449971770042
-0.948210938084
-0.226295532081
-0.222904349572
-0.969091635402
-0.211064478272
-0.127723091902
-0.980881699004
-0.192009986163
-0.031674244626
-0.955559526189
-0.287199071156
-0.066503273877
-0.938882324537
-0.303563913086
-0.162323539092
-0.914124069540
-0.311081689358
-0.260010322935
-0.900502789579
-0.386926185080
-0.198451135700
-0.870606603738
-0.390253448426
-0.299577014337
-0.853289521805
-0.464476198199
-0.236978592459
-0.998783327129
-0.009447081643
-0.048400600185
-0.922002895509
-0.374984932017
-0.096420752088
-0.919114923526
-0.231857640009
-0.318543234305
-0.878754808199
-0.312981288148
-0.360323049965
-0.217624924611
0.551233184058
-0.805469657393
-0.175249346998
0.627159662313
-0.758919247578
-0.271248562331
0.608531849001
-0.745729982087
-0.314386978112
0.665062558419
-0.677386611459
-0.219416648951
0.686262139665
-0.693469977595
-0.352145231513
0.716500076066
-0.602180518549
-0.258240887884
0.740315864371
-0.620680324149
-0.251267245505
0.468368146661
-0.847051386003
-0.156158086801
0.492914608087
-0.855949672038
-0.089367395483
0.558425063172
-0.824727177584
-0.364638050539
0.585089764984
-0.724368041130
-0.406358988326
0.639010757039
-0.653098480319
-0.442611334046
0.687757091010
-0.575400200503
-0.494381425124
0.608913718436
-0.620331435599
-0.454557189020
0.557629067559
-0.694570072004
-0.404145084317
0.503653454047
-0.763544333388
-0.492074956910
0.473734194227
-0.730368502882
-0.434965400692
0.416634425072
-0.798261145269
-0.520960804956
0.384857212790
-0.761895508231
-0.292083571285
0.788352536529
-0.541467880427
-0.540073370168
0.528627894316
-0.654884191432
-0.312327285043
0.529215500068
-0.788912302797
-0.344595825673
0.443090983744
-0.827601411945
0.915941642568
0.149349482969
-0.372485757241
0.940997475262
0.062718813678
-0.332550901309
0.948998013964
0.145622009805
-0.279637264598
0.973891136859
0.131137103596
-0.185308158502
0.969736195757
0.048674736184
-0.239254008735
0.989569858308
0.112725452662
-0.089690957456
0.989069100555
0.030564102991
-0.144250303073
0.880089332265
0.230848671797
-0.414911626691
0.875006633367
0.144380236977
-0.462079796933
0.891754998930
0.047941923699
-0.449971770042
0.948210938084
0.226295532081
-0.222904349572
0.969091635402
0.211064478272
-0.127723091902
0.980881699004
0.192009986163
-0.031674244626
0.955559526189
0.287199071156
-0.066503273877
0.938882324537
0.303563913086
-0.162323539092
0.914124069540
0.311081689358
-0.260010322935
0.900502789579
0.386926185080
-0.198451135700
0.870606603738
0.390253448426
-0.299577014337
0.853289521805
0.464476198199
-0.236978592459
0.998783327129
0.009447081643
-0.048400600185
0.922002895509
0.374984932017
-0.096420752088
0.919114923526
0.231857640009
-0.318543234305
0.878754808199
0.312981288148
-0.360323049965
0.024027615034
-0.700582667027
-0.713166600716
-0.073768174733
-0.689878475991
-0.720156888991
-0.035627200957
-0.754153858806
-0.655730630518
-0.102202687307
-0.796199662015
-0.596339424250
-0.140659271412
-0.734936875848
-0.663387336240
-0.169751617708
-0.829225528728
-0.532512357407
-0.208787130409
-0.770879967362
-0.601790669665
0.122253751720
-0.699216818458
-0.704379060575
0.077454043932
-0.637294845064
-0.766717778282
-0.011795733452
-0.606366986871
-0.795097439252
0.001515811870
-0.811385297065
-0.584509710802
-0.064849488664
-0.850075235311
-0.522653458929
-0.131932650254
-0.879767077174
-0.456731502874
-0.029683566457
-0.896112789592
-0.442832648087
0.036619540111
-0.861192980645
-0.506957255959
0.099195662342
-0.814735143404
-0.571285276087
0.133984761686
-0.860660379307
-0.491234969365
0.196477943088
-0.806887873498
-0.557071249915
0.230577470695
-0.849333410989
-0.474833430778
-0.276797872092
-0.797799618172
-0.535629262877
0.066664995105
-0.903612826333
-0.423130758176
0.062826257042
-0.761073140077
-0.645616400721
0.161818536393
-0.756072271892
-0.634168338027
0.781442042359
0.202775041851
-0.590110681853
0.832687422311
0.220840586271
-0.507800248307
0.781357183044
0.293267383447
-0.550885826929
0.779589298766
0.377551712609
-0.499695136614
0.834129249008
0.306348859517
-0.458670657686
0.771932136257
0.457057500901
-0.441836188969
0.829467454557
0.387278430890
-0.402491190956
0.724797634283
0.175710271690
-0.666178872196
0.778495628106
0.108288855085
-0.618237883734
0.836522911036
0.096657559678
-0.539339165525
0.722852229260
0.363701227283
-0.587542400110
0.717947968983
0.446438176473
-0.534082080228
0.707332850757
0.524150196130
-0.474285578673
0.650015002056
0.512726878102
-0.560884699002
0.657950531892
0.431925068578
-0.616880728112
0.664348671046
0.342838793453
-0.664155407252
0.596383741196
0.409267820214
-0.690526092610
0.601783202181
0.313535353824
-0.734542415029
0.531318037536
0.378456091027
-0.757939397415
0.818265752519
0.463154064252
-0.340484171470
0.588219196327
0.498872137333
-0.636494122255
0.726086045755
0.273498522805
-0.630870519348
0.665782875552
0.244586470172
-0.704918875638
-0.930791525327
0.110471985174
-0.348458142207
-0.895406235989
0.182078227684
-0.406319076042
-0.926979192849
0.203268031877
-0.315264465555
-0.910726402362
0.296504525401
-0.287510845809
-0.882803985191
0.276266218162
-0.379913280148
-0.884657588920
0.387389339759
-0.259442575164
-0.860031557548
0.368388776406
-0.353037433481
-0.955646306080
0.033037946262
-0.292657874971
-0.922875865083
0.019056961330
-0.384625753001
-0.884464834735
0.067027821346
-0.461767503494
-0.949147761340
0.223842896954
-0.221388537702
-0.929012447255
0.315993155083
-0.192572580566
-0.899342836921
0.405481498501
-0.163606894881
-0.937214073211
0.335228090590
-0.096186840334
-0.961514444979
0.244312252533
-0.125703998981
-0.975430360404
0.150579736152
-0.160814660593
-0.983309926275
0.170134286697
-0.064466374014
-0.992036650606
0.072345458470
-0.103099071248
-0.995794235735
0.091394013574
-0.006401121763
-0.827712834162
0.457315446702
-0.325198472277
-0.963204128344
0.267118704078
-0.029755756983
-0.957943685764
0.130202620729
-0.255716977263
-0.978764163700
0.051153396254
-0.198504513571
0.110471985174
-0.348458142207
-0.930791525327
0.182078227684
-0.406319076042
-0.895406235989
0.203268031877
-0.315264465555
-0.926979192849
0.296504525401
-0.287510845809
-0.910726402362
0.276266218162
-0.379913280148
-0.882803985191
0.387389339759
-0.259442575164
-0.884657588920
0.368388776406
-0.353037433481
-0.860031557548
0.033037946262
-0.292657874971
-0.955646306080
0.019056961330
-0.384625753001
-0.922875865083
0.067027821346
-0.461767503494
-0.884464834735
0.223842896954
-0.221388537702
-0.949147761340
0.315993155083
-0.192572580566
-0.929012447255
0.405481498501
-0.163606894881
-0.899342836921
0.335228090590
-0.096186840334
-0.937214073211
0.244312252533
-0.125703998981
-0.961514444979
0.150579736152
-0.160814660593
-0.975430360404
0.170134286697
-0.064466374014
-0.983309926275
0.072345458470
-0.103099071248
-0.992036650606
0.091394013574
-0.006401121763
-0.995794235735
0.457315446702
-0.325198472277
-0.827712834162
0.267118704078
-0.029755756983
-0.963204128344
0.130202620729
-0.255716977263
-0.957943685764
0.051153396254
-0.198504513571
-0.978764163700
0.551233184058
-0.805469657393
-0.217624924611
0.627159662313
-0.758919247578
-0.175249346998
0.608531849001
-0.745729982087
-0.271248562331
0.665062558419
-0.677386611459
-0.314386978112
0.686262139665
-0.693469977595
-0.219416648951
0.716500076066
-0.602180518549
-0.352145231513
0.740315864371
-0.620680324149
-0.258240887884
0.468368146661
-0.847051386003
-0.251267245505
0.492914608087
-0.855949672038
-0.156158086801
0.558425063172
-0.824727177584
-0.089367395483
0.585089764984
-0.724368041130
-0.364638050539
0.639010757039
-0.653098480319
-0.406358988326
0.687757091010
-0.575400200503
-0.442611334046
0.608913718436
-0.620331435599
-0.494381425124
0.557629067559
-0.694570072004
-0.454557189020
0.503653454047
-0.763544333388
-0.404145084317
0.473734194227
-0.730368502882
-0.492074956910
0.416634425072
-0.798261145269
-0.434965400692
0.384857212790
-0.761895508231
-0.520960804956
0.788352536529
-0.541467880427
-0.292083571285
0.528627894316
-0.654884191432
-0.540073370168
0.529215500068
-0.788912302797
-0.312327285043
0.443090983744
-0.827601411945
-0.344595825673
-0.551233184058
-0.805469657393
0.217624924611
-0.627159662313
-0.758919247578
0.175249346998
-0.608531849001
-0.745729982087
0.271248562331
-0.665062558419
-0.677386611459
0.314386978112
-0.686262139665
-0.693469977595
0.219416648951
-0.716500076066
-0.602180518549
0.352145231513
-0.740315864371
-0.620680324149
0.258240887884
-0.468368146661
-0.847051386003
0.251267245505
-0.492914608087
-0.855949672038
0.156158086801
-0.558425063172
-0.824727177584
0.089367395483
-0.585089764984
-0.724368041130
0.364638050539
-0.639010757039
-0.653098480319
0.406358988326
-0.687757091010
-0.575400200503
0.442611334046
-0.608913718436
-0.620331435599
0.494381425124
-0.557629067559
-0.694570072004
0.454557189020
-0.503653454047
-0.763544333388
0.404145084317
-0.473734194227
-0.730368502882
0.492074956910
-0.416634425072
-0.798261145269
0.434965400692
-0.384857212790
-0.761895508231
0.520960804956
-0.788352536529
-0.541467880427
0.292083571285
-0.528627894316
-0.654884191432
0.540073370168
-0.529215500068
-0.788912302797
0.312327285043
-0.443090983744
-0.827601411945
0.344595825673
-0.348458142207
-0.930791525327
0.110471985174
-0.406319076042
-0.895406235989
0.182078227684
-0.315264465555
-0.926979192849
0.203268031877
-0.287510845809
-0.910726402362
0.296504525401
-0.379913280148
-0.882803985191
0.276266218162
-0.259442575164
-0.884657588920
0.387389339759
-0.353037433481
-0.860031557548
0.368388776406
-0.292657874971
-0.955646306080
0.033037946262
-0.384625753001
-0.922875865083
0.019056961330
-0.461767503494
-0.884464834735
0.067027821346
-0.221388537702
-0.949147761340
0.223842896954
-0.192572580566
-0.929012447255
0.315993155083
-0.163606894881
-0.899342836921
0.405481498501
-0.096186840334
-0.937214073211
0.335228090590
-0.125703998981
-0.961514444979
0.244312252533
-0.160814660593
-0.975430360404
0.150579736152
-0.064466374014
-0.983309926275
0.170134286697
-0.103099071248
-0.992036650606
0.072345458470
-0.006401121763
-0.995794235735
0.091394013574
-0.325198472277
-0.827712834162
0.457315446702
-0.029755756983
-0.963204128344
0.267118704078
-0.255716977263
-0.957943685764
0.130202620729
-0.198504513571
-0.978764163700
0.051153396254
0.348458142207
0.930791525327
0.110471985174
0.406319076042
0.895406235989
0.182078227684
0.315264465555
0.926979192849
0.203268031877
0.287510845809
0.910726402362
0.296504525401
0.379913280148
0.882803985191
0.276266218162
0.259442575164
0.884657588920
0.387389339759
0.353037433481
0.860031557548
0.368388776406
0.292657874971
0.955646306080
0.033037946262
0.384625753001
0.922875865083
0.019056961330
0.461767503494
0.884464834735
0.067027821346
0.221388537702
0.949147761340
0.223842896954
0.192572580566
0.929012447255
0.315993155083
0.163606894881
0.899342836921
0.405481498501
0.096186840334
0.937214073211
0.335228090590
0.125703998981
0.961514444979
0.244312252533
0.160814660593
0.975430360404
0.150579736152
0.064466374014
0.983309926275
0.170134286697
0.103099071248
0.992036650606
0.072345458470
0.006401121763
0.995794235735
0.091394013574
0.325198472277
0.827712834162
0.457315446702
0.029755756983
0.963204128344
0.267118704078
0.255716977263
0.957943685764
0.130202620729
0.198504513571
0.978764163700
0.051153396254
-0.149349482969
-0.372485757241
-0.915941642568
-0.062718813678
-0.332550901309
-0.940997475262
-0.145622009805
-0.279637264598
-0.948998013964
-0.131137103596
-0.185308158502
-0.973891136859
-0.048674736184
-0.239254008735
-0.969736195757
-0.112725452662
-0.089690957456
-0.989569858308
-0.030564102991
-0.144250303073
-0.989069100555
-0.230848671797
-0.414911626691
-0.880089332265
-0.144380236977
-0.462079796933
-0.875006633367
-0.047941923699
-0.449971770042
-0.891754998930
-0.226295532081
-0.222904349572
-0.948210938084
-0.211064478272
-0.127723091902
-0.969091635402
-0.192009986163
-0.031674244626
-0.980881699004
-0.287199071156
-0.066503273877
-0.955559526189
-0.303563913086
-0.162323539092
-0.938882324537
-0.311081689358
-0.260010322935
-0.914124069540
-0.386926185080
-0.198451135700
-0.900502789579
-0.390253448426
-0.299577014337
-0.870606603738
-0.464476198199
-0.236978592459
-0.853289521805
-0.009447081643
-0.048400600185
-0.998783327129
-0.374984932017
-0.096420752088
-0.922002895509
-0.231857640009
-0.318543234305
-0.919114923526
-0.312981288148
-0.360323049965
-0.878754808199
0.700582667027
-0.713166600716
-0.024027615034
0.689878475991
-0.720156888991
0.073768174733
0.754153858806
-0.655730630518
0.035627200957
0.796199662015
-0.596339424250
0.102202687307
0.734936875848
-0.663387336240
0.140659271412
0.829225528728
-0.532512357407
0.169751617708
0.770879967362
-0.601790669665
0.208787130409
0.699216818458
-0.704379060575
-0.122253751720
0.637294845064
-0.766717778282
-0.077454043932
0.606366986871
-0.795097439252
0.011795733452
0.811385297065
-0.584509710802
-0.001515811870
0.850075235311
-0.522653458929
0.064849488664
0.879767077174
-0.456731502874
0.131932650254
0.896112789592
-0.442832648087
0.029683566457
0.861192980645
-0.506957255959
-0.036619540111
0.814735143404
-0.571285276087
-0.099195662342
0.860660379307
-0.491234969365
-0.133984761686
0.806887873498
-0.557071249915
-0.196477943088
0.849333410989
-0.474833430778
-0.230577470695
0.797799618172
-0.535629262877
0.276797872092
0.903612826333
-0.423130758176
-0.066664995105
0.761073140077
-0.645616400721
-0.062826257042
0.756072271892
-0.634168338027
-0.161818536393
